Re: -1.6285927151000656927402464214110650162107815049872245839276456992588557475394458617468101381673718096245796683787148067281427037633660433126361491516395130615343239025792852709199067439159125197561269849045874859907900769529355281355999999999999999999999998
Im: -0.0006524211103784457895307800853381638974244378839807054123237905025557452282257388220027559441478826431197456748863451793661782018706487409345062901219527883216368593640715025508705763177296554682299052874598578922327433211773768848999999999999999999999998
Zoom: 9.85184797544E228
Iterations: 137000
IterDiv: 1
Colors: 0,0,0,148,149,137,56,55,7,0,0,0,204,40,10,56,29,75,155,208,182,165,99,56,124,148,21,231,98,78,0,0,0,120,161,28,183,244,135,159,209,250,183,136,236,106,98,213,89,96,3,255,255,255,228,169,78,182,228,213,130,47,121,91,106,74,241,217,121,188,253,209,0,0,0,91,126,148,
