Re: 0.250828906211579152076886452096545442810456138083496389614452560665426351357623509177227229895610885211329360142755419688676720482529143799999999
Im: 0.000033987340269444363871096629327589203532531774564526105740373295564936932377485547615606459309429329271202193404097824339075780127128599999999
Zoom: 9.39417033109E108
Iterations: 120000
IterDiv: 1
Colors: 19,193,41,234,243,228,192,180,148,97,91,75,0,0,0,41,65,45,19,193,41,234,243,228,135,119,78,60,56,47,0,0,0,79,122,84,19,193,41,234,243,228,135,119,78,60,56,47,0,0,0,79,122,84,19,193,41,234,243,228,135,119,78,60,56,47,0,0,0,79,122,84,19,193,41,234,243,228,135,119,78,60,56,47,0,0,0,79,122,84,19,193,41,234,243,228,135,119,78,60,56,47,0,0,0,41,65,45,19,193,41,234,243,228,135,119,78,60,56,47,0,0,0,79,122,84,19,193,41,234,243,228,135,119,78,60,56,47,0,0,0,79,122,84,19,193,41,234,243,228,135,119,78,60,56,47,0,0,0,79,122,84,19,193,41,234,243,228,135,119,78,60,56,47,0,0,0,79,122,84,19,193,41,234,243,228,135,119,78,60,56,47,0,0,0,41,65,45,19,193,41,234,243,228,135,119,78,60,56,47,0,0,0,79,122,84,19,193,41,234,243,228,135,119,78,60,56,47,0,0,0,79,122,84,19,193,41,234,243,228,135,119,78,60,56,47,0,0,0,79,122,84,19,193,41,234,243,228,135,119,78,60,56,47,0,0,0,79,122,84,19,193,41,234,243,228,135,119,78,60,56,47,0,0,0,41,65,45,19,193,41,234,243,228,135,119,78,60,56,47,0,0,0,79,122,84,19,193,41,234,243,228,135,119,78,60,56,47,0,0,0,79,122,84,19,193,41,234,243,228,135,119,78,60,56,47,0,0,0,79,122,84,19,193,41,234,243,228,135,119,78,60,56,47,0,0,0,79,122,84,19,193,41,234,243,228,135,119,78,60,56,47,0,0,0,41,65,45,19,193,41,234,243,228,135,119,78,60,56,47,0,0,0,79,122,84,19,193,41,234,243,228,135,119,78,60,56,47,0,0,0,79,122,84,19,193,41,234,243,228,135,119,78,60,56,47,0,0,0,79,122,84,19,193,41,234,243,228,135,119,78,60,56,47,0,0,0,79,122,84,19,193,41,234,243,228,135,119,78,60,56,47,0,0,0,41,65,45,19,193,41,234,243,228,135,119,78,60,56,47,0,0,0,79,122,84,19,193,41,234,243,228,135,119,78,60,56,47,0,0,0,79,122,84,19,193,41,234,243,228,135,119,78,60,56,47,0,0,0,79,122,84,19,193,41,234,243,228,135,119,78,60,56,47,0,0,0,79,122,84,19,193,41,234,243,228,135,119,78,60,56,47,0,0,0,41,65,45,19,193,41,234,243,228,135,119,78,60,56,47,0,0,0,79,122,84,19,193,41,234,243,228,135,119,78,60,56,47,0,0,0,79,122,84,19,193,41,234,243,228,135,119,78,60,56,47,0,0,0,79,122,84,19,193,41,234,243,228,135,119,78,60,56,47,0,0,0,79,122,84,19,193,41,234,243,228,135,119,78,60,56,47,0,0,0,41,65,45,19,193,41,234,243,228,135,119,78,60,56,47,0,0,0,79,122,84,19,193,41,234,243,228,135,119,78,60,56,47,0,0,0,79,122,84,19,193,41,234,243,228,135,119,78,60,56,47,0,0,0,79,122,84,19,193,41,234,243,228,135,119,78,60,56,47,0,0,0,79,122,84,19,193,41,234,243,228,135,119,78,60,56,47,0,0,0,41,65,45,19,193,41,234,243,228,135,119,78,60,56,47,0,0,0,79,122,84,19,193,41,234,243,228,135,119,78,60,56,47,0,0,0,79,122,84,19,193,41,234,243,228,135,119,78,60,56,47,0,0,0,79,122,84,19,193,41,234,243,228,135,119,78,60,56,47,0,0,0,79,122,84,19,193,41,234,243,228,135,119,78,60,56,47,0,0,0,41,65,45,19,193,41,234,243,228,135,119,78,60,56,47,0,0,0,79,122,84,19,193,41,234,243,228,135,119,78,60,56,47,0,0,0,79,122,84,
Smooth: 1
