Re: 0.25082890621157915207688645209654544281045613808349638961445256066542635135762350917722722989561088521132936009685956283200117116978184915856274725069307565581360094860529006761515766225069226212166582590807325
Im: 0.00003398734026944436387109662932758920353253177456452610574037329556493693237748554761560645930942932927120215949463851951871295682410590921729383988254929934437930708605470112098577527872538014623258875507505
Zoom: 7.76555693905E180
Iterations: 180000
IterDiv: 1.000000
SmoothMethod: 0
ColorMethod: 0
ColorOffset: 0
Rotate: 0.000000
Ratio: 360.000000
Colors: 19,193,41,234,243,228,192,180,148,97,91,75,0,0,0,41,65,45,19,193,41,234,243,228,135,119,78,60,56,47,0,0,0,79,122,84,19,193,41,234,243,228,135,119,78,60,56,47,0,0,0,79,122,84,19,193,41,234,243,228,135,119,78,60,56,47,0,0,0,79,122,84,19,193,41,234,243,228,135,119,78,60,56,47,0,0,0,79,122,84,19,193,41,234,243,228,135,119,78,60,56,47,0,0,0,41,65,45,19,193,41,234,243,228,135,119,78,60,56,47,0,0,0,79,122,84,19,193,41,234,243,228,135,119,78,60,56,47,0,0,0,79,122,84,19,193,41,234,243,228,135,119,78,60,56,47,0,0,0,79,122,84,19,193,41,234,243,228,135,119,78,60,56,47,0,0,0,79,122,84,19,193,41,234,243,228,135,119,78,60,56,47,0,0,0,41,65,45,19,193,41,234,243,228,135,119,78,60,56,47,0,0,0,79,122,84,19,193,41,234,243,228,135,119,78,60,56,47,0,0,0,79,122,84,19,193,41,234,243,228,135,119,78,60,56,47,0,0,0,79,122,84,19,193,41,234,243,228,135,119,78,60,56,47,0,0,0,79,122,84,19,193,41,234,243,228,135,119,78,60,56,47,0,0,0,41,65,45,19,193,41,234,243,228,135,119,78,60,56,47,0,0,0,79,122,84,19,193,41,234,243,228,135,119,78,60,56,47,0,0,0,79,122,84,19,193,41,234,243,228,135,119,78,60,56,47,0,0,0,79,122,84,19,193,41,234,243,228,135,119,78,60,56,47,0,0,0,79,122,84,19,193,41,234,243,228,135,119,78,60,56,47,0,0,0,41,65,45,19,193,41,234,243,228,135,119,78,60,56,47,0,0,0,79,122,84,19,193,41,234,243,228,135,119,78,60,56,47,0,0,0,79,122,84,19,193,41,234,243,228,135,119,78,60,56,47,0,0,0,79,122,84,19,193,41,234,243,228,135,119,78,60,56,47,0,0,0,79,122,84,19,193,41,234,243,228,135,119,78,60,56,47,0,0,0,41,65,45,19,193,41,234,243,228,135,119,78,60,56,47,0,0,0,79,122,84,19,193,41,234,243,228,135,119,78,60,56,47,0,0,0,79,122,84,19,193,41,234,243,228,135,119,78,60,56,47,0,0,0,79,122,84,19,193,41,234,243,228,135,119,78,60,56,47,0,0,0,79,122,84,19,193,41,234,243,228,135,119,78,60,56,47,0,0,0,41,65,45,19,193,41,234,243,228,135,119,78,60,56,47,0,0,0,79,122,84,19,193,41,234,243,228,135,119,78,60,56,47,0,0,0,79,122,84,19,193,41,234,243,228,135,119,78,60,56,47,0,0,0,79,122,84,19,193,41,234,243,228,135,119,78,60,56,47,0,0,0,79,122,84,19,193,41,234,243,228,135,119,78,60,56,47,0,0,0,41,65,45,19,193,41,234,243,228,135,119,78,60,56,47,0,0,0,79,122,84,19,193,41,234,243,228,135,119,78,60,56,47,0,0,0,79,122,84,19,193,41,234,243,228,135,119,78,60,56,47,0,0,0,79,122,84,19,193,41,234,243,228,135,119,78,60,56,47,0,0,0,79,122,84,19,193,41,234,243,228,135,119,78,60,56,47,0,0,0,41,65,45,19,193,41,234,243,228,135,119,78,60,56,47,0,0,0,79,122,84,19,193,41,234,243,228,135,119,78,60,56,47,0,0,0,79,122,84,19,193,41,234,243,228,135,119,78,60,56,47,0,0,0,79,122,84,19,193,41,234,243,228,135,119,78,60,56,47,0,0,0,79,122,84,19,193,41,234,243,228,135,119,78,60,56,47,0,0,0,41,65,45,19,193,41,234,243,228,135,119,78,60,56,47,0,0,0,79,122,84,19,193,41,234,243,228,135,119,78,60,56,47,0,0,0,79,122,84,
Smooth: 1
MultiColor: 0
BlendMC: 0
MultiColors: 
Power: 2
FractalType: 0
Slopes: 0
SlopePower: 100
SlopeRatio: 50
SlopeAngle: 45
imag: 1
real: 1
SeedR: 0
SeedI: 0
FactorAR: 1
FactorAI: 0
