Re: -1.786126277329005821958091900802972191865138488898190704961786531060669865539382370853283248274972632008058677991946099999999999999999999999999999
Im: 0.000065063527992343178511858223035760376359713017298520831057568910969453918615876272825212978590664967517531280383799999999999999999999999999999
Zoom: 9.61963041904E111
Iterations: 120000
IterDiv: 1
Colors: 0,0,0,54,21,223,129,12,198,128,250,161,0,0,0,255,128,128,211,187,139,118,207,229,240,217,51,
