Re: -0.89638173169612263612286152328177691556055815291789625766668972617820053164337542627945189678086942719231017489682249925626773043760787594580775726624730267233599985628629957253903029004644440089387456927092749058262801846869360109374792469016467901
Im: 0.27429987768762306751997889577143511560889515179373212412962561344344237301458055961102180518539605693649886384651061396142417323098824816593415394108930516920281611130080137130114713247657358622354215730740514823117903823008501648668330800372924813
Zoom: 1.56006204716E217
Iterations: 128000
IterDiv: 1
Colors: 0,0,0,84,245,232,123,171,211,0,0,0,91,198,45,47,249,219,94,140,78,211,217,57,48,183,207,179,242,33,0,0,0,171,56,35,30,168,135,168,122,18,14,2,224,196,143,250,198,233,214,0,0,0,157,173,147,83,174,254,87,30,71,130,30,19,194,60,168,134,117,61,0,0,0,255,255,255,229,39,174,230,197,202,68,234,168,140,243,54,245,82,226,0,0,0,119,93,230,200,27,236,15,17,61,212,173,115,153,114,249,93,186,184,0,0,0,218,194,127,89,74,235,214,28,231,160,88,247,114,236,239,253,65,27,0,0,0,215,255,221,243,145,69,
