Re: -0.749774963039860558256902042498559294325187232347633483743724437977165974827136464514521767270302993665059379527432199865905740376126871738293076568860483800494016172557916187007210793730892524868141502409046368663023108849115
Im: -0.06638008421017090687747407166586874456952046519386815946449195256714882710925246541317934635067121915196760463342031197755105049354085337445454326026834391907861672722118503327305515451763440145511933977008120338770443325659
Zoom: 1.00000000000E200
Iterations: 60000
IterDiv: 1.000000
SmoothMethod: 0
ColorMethod: 0
ColorOffset: 0
Rotate: 0.000000
Ratio: 360.000000
Colors: 0,0,0,45,32,134,131,44,194,0,0,0,140,181,29,255,255,255,165,117,159,2,33,31,
Smooth: 1
MultiColor: 0
BlendMC: 0
MultiColors: 
Power: 2
FractalType: 0
Slopes: 0
SlopePower: 100
SlopeRatio: 50
SlopeAngle: 45
imag: 1
real: 1
SeedR: 0
SeedI: 0
FactorAR: 1
FactorAI: 0
