Re: -0.74977496303986055825690204249855929432518723234763348374372443797716597482713646451452176727030299366505937952743219986590574037612687173829307656886118099999999999999999999999
Im: -0.06638008421017090687747407166586874456952046519386815946449195256714882710925246541317934635067121915196760463342031197755105049354085337445454326026704199999999999999999999999
Zoom: 4.70017300819E149
Iterations: 40000
IterDiv: 1
Colors: 0,0,0,45,32,134,131,44,194,0,0,0,140,181,29,255,255,255,165,117,159,2,33,31,
