Re: -1.57469231022685191724289766271325640858560274051225390920419848695958316570999999999999999999999999999999
Im: 0.00000001533995275574332389385017142468879648416780045810881968235405260392999999999999999999999999999999
Zoom: 4.97616167029E70
Iterations: 12000
IterDiv: 1
Colors: 0,0,0,45,32,134,131,44,194,0,0,0,140,181,29,108,94,153,165,117,159,2,33,31,133,229,255,47,144,74,0,0,0,0,111,30,255,255,255,75,44,110,233,226,40,118,28,165,8,151,183,0,0,0,28,53,40,70,245,254,19,247,211,213,126,44,
