Re: -1.4745288243866597150338529234652814858152366159373595970988244085363882
Im: -0.0000003487076826169475459765969213966576732205034932041774261128754135
Zoom: 1.68499666669E66
Iterations: 20000
IterDiv: 1
Colors: 0,0,0,74,0,144,125,203,207,0,0,0,103,130,169,190,18,203,48,71,98,94,43,114,197,194,155,146,89,107,0,0,0,128,134,226,185,226,12,145,39,105,69,186,114,113,178,37,87,149,15,255,255,255,61,207,248,80,128,62,70,212,234,86,54,153,23,152,86,201,27,22,0,0,0,216,170,22,214,125,5,95,44,37,71,47,67,143,64,223,157,127,180,248,49,99,
