Re: -0.74962449737876168207862620426836138684529527812364025754481571424558286479672801698750203976779135608148687747196595174858125388297577788573082753210469806739721377901297451172624762450940529814713048377873612297220313016947039287469999999999999999
Im: 0.03427010874046016945172951545749474868051534672439111853174854738370595772935930171842999778713222794215453436628998200591914208207632674780780978496784843807690510401829301309069542198413574392425885166367231192087416338497065495509999999999999999
Zoom: 7.58065474756E227
Iterations: 1200000
IterDiv: 18
Colors: 183,223,235,191,216,211,148,172,198,180,216,171,175,216,152,160,223,156,164,216,112,126,172,119,153,216,73,160,197,87,160,193,132,175,159,116,146,112,150,190,121,145,198,102,160,190,117,190,214,65,189,156,51,188,176,63,167,157,62,156,136,100,167,120,61,135,80,48,146,82,60,114,64,60,104,81,113,142,77,96,125,66,91,154,90,132,147,96,150,158,108,185,186,110,186,180,93,163,198,124,191,191,132,179,191,136,184,203,147,155,191,123,113,198,162,130,191,169,118,191,167,135,203,177,113,177,142,96,176,178,127,149,179,135,136,168,164,148,180,149,109,144,124,122,181,164,82,158,149,92,134,158,132,114,119,112,73,84,144,70,90,133,48,75,143,46,99,173,4,46,164,11,36,166,24,47,136,34,47,122,61,89,137,55,48,94,52,39,110,75,49,66,86,50,52,88,97,96,72,66,63,52,59,100,59,83,74,52,91,79,61,130,119,38,107,90,25,92,122,38,103,88,44,90,80,65,112,108,56,64,65,49,40,91,68,38,49,74,25,41,90,61,78,78,21,48,60,24,95,72,38,76,70,47,90,79,95,134,65,64,118,49,58,151,60,82,147,77,98,157,100,143,185,111,132,178,102,119,197,145,165,199,162,182,210,168,210,227,
Smooth: 1
