Re: -1.4177396966757398931238921866615448762017898633024117483951534796350937299853775978999999999999999999999999999999
Im: -0.0001144828829482284649912069933555956996722595110152142276526950155734145232291537999999999999999999999999999999
Zoom: 7.41069371118E78
Iterations: 120000
IterDiv: 1
Colors: 0,0,0,54,21,223,129,12,198,0,0,0,128,250,161,255,255,255,211,187,139,118,207,229,
