Re: -1.417739696675739893123892186661544876201789863302411748395153479635093729985377597870203983928331586100456679548529892064566699215
Im: -0.000114482882948228464991206993355595699672259511015214227652695015573414523229153803238841679789588591655329687885162571018075685
Zoom: 1.79179579374E103
Iterations: 131085
IterDiv: 1.000000
SmoothMethod: 0
ColorMethod: 0
ColorOffset: 0
Rotate: 0.000000
Ratio: 360.000000
Colors: 0,0,0,54,21,223,129,12,198,0,0,0,128,250,161,255,255,255,211,187,139,118,207,229,
Smooth: 1
MultiColor: 0
BlendMC: 0
MultiColors: 
Power: 2
FractalType: 0
Slopes: 0
SlopePower: 100
SlopeRatio: 50
SlopeAngle: 45
imag: 1
real: 1
SeedR: 0
SeedI: 0
FactorAR: 1
FactorAI: 0
