Re: -1.7494335363231704826324303167095040340775191582027649999999999999999999999999999999999999
Im: 0.0000000951300061685171801418798003094524406837695329999999999999999999999999999999999999
Zoom: 4.82115743016E47
Iterations: 2000000
IterDiv: 8
Colors: 0,0,0,41,35,190,132,225,108,255,255,255,0,0,0,41,35,190,132,225,108,255,255,255,0,0,0,41,35,190,132,225,108,255,255,255,0,0,0,41,35,190,132,225,108,255,255,255,
