Re: -1.748940471884101208658116774378686014420407495712495166969224312462692934616179976629361229005483599999999999999999999998
Im: 0.000000000000000000000000000000001604489466549265402883489182059609465341931124902606369772837704819999999999999999999998
Zoom: 8.34369935906E93
Iterations: 128000
IterDiv: 1
Colors: 0,0,0,41,35,190,255,255,255,214,174,82,144,73,241,0,0,0,41,35,190,255,255,255,214,174,82,144,73,241,0,0,0,41,35,190,255,255,255,214,174,82,144,73,241,0,0,0,
