Re: -0.6456348090582146512096331089160569830798987537413067375648854999999999999999999999999999
Im: 0.3579298629440811751128697210401973900625571036003455953511172999999999999999999999999999
Zoom: 4.43858120328E57
Iterations: 1600000
IterDiv: 100
Colors: 0,0,0,41,35,190,132,225,108,0,0,0,128,255,255,255,0,128,
