Re: -1.791959621773670199982760290285134234720014667536718700097404243921192099290972859161932776655100830775456601605748473999999999999999999999999999
Im: -0.000000023312033691689496911167858499844017387094859770101206660096067118261881158755536315752503308095675592884423099999999999999999999999999999
Zoom: 3.78980935963E113
Iterations: 200000
IterDiv: 1
Colors: 0,0,0,45,32,134,131,44,194,0,0,0,140,181,29,108,94,153,165,117,159,2,33,31,133,229,255,255,255,255,0,0,0,0,111,30,137,143,156,75,44,110,233,226,40,118,28,165,
