Re: -0.1539465335054964690901834505221291075155694452817396340987200999999999999999999999999999
Im: 1.0305167650006597878219407890356644240263797942098130256464862999999999999999999999999999
Zoom: 1.96159429230E56
Iterations: 15000000
IterDiv: 4
Colors: 0,0,0,48,28,78,131,119,25,0,0,0,136,33,73,255,255,255,95,55,153,41,6,182,
