Re: -1.7850937112040327833501524107763976075178
Im: -0.00000089576155678591621353089621402164945
Zoom: 2.00000000000E17
Iterations: 5188
IterDiv: 35.000000
SmoothMethod: 0
ColorMethod: 0
ColorOffset: 0
Rotate: 1.797689
Ratio: 5760
Colors: 48,31,43,182,190,161,254,222,244,179,63,179,45,31,61,120,190,188,203,222,254,68,63,189,0,31,61,77,190,179,211,222,244,139,63,162,53,31,43,187,189,138,253,222,222,171,63,114,39,31,19,108,189,91,198,222,200,64,63,74,1,31,2,86,189,64,217,222,190,151,63,64,57,31,2,189,189,73,251,222,200,162,63,91,33,31,19,96,189,114,195,222,222,63,63,139,4,31,43,96,189,161,224,222,244,162,63,179,60,31,61,189,189,188,248,222,254,151,63,189,27,31,61,86,189,179,192,222,244,64,63,162,8,31,43,108,189,138,230,222,222,171,63,114,62,31,19,187,189,91,243,222,200,139,63,74,21,31,2,77,189,64,191,222,190,68,63,64,12,31,2,120,189,73,236,222,200,179,63,91,63,31,19,182,189,114,238,222,222,127,63,139,15,31,43,70,189,161,190,222,244,74,63,179,18,31,61,132,189,188,241,222,254,185,63,189,63,31,61,175,189,179,233,222,244,114,63,162,10,31,43,65,189,138,191,222,222,82,63,114,24,31,19,144,189,91,246,222,200,189,63,74,61,31,2,166,189,64,227,222,190,102,63,64,6,31,2,63,189,73,193,222,200,91,63,91,30,31,19,156,189,114,249,222,222,190,63,139,58,31,43,156,189,161,220,222,244,91,63,179,3,31,61,63,189,188,196,222,254,102,63,189,36,31,61,166,189,179,252,222,244,189,63,162,55,31,43,144,189,138,214,222,222,82,63,114,0,31,19,65,189,91,201,222,200,114,63,74,42,31,2,175,189,64,253,222,190,185,63,64,50,31,2,132,189,73,208,222,200,74,63,91,0,31,19,70,189,114,206,222,222,126,63,139,
Smooth: 1
MultiColor: 0
BlendMC: 0
MultiColors: 
Power: 2
FractalType: 7
