Re: -0.19786144171156785466757050395991636046220805063306388503365867308143318707479807254667567393692962867169192193933037317695439691886250131835796623525297645929079046382206081733446099336165474293672983715499088934864588563456191452716972379727531201145308728247312243045877846365998002629058824020416670559354444610505559
Im: -1.1003003098646883081230256749586031828299078273818839102629737619495911406051924346256468393694312989044938552356824988998544524196245001015378142527023619753225336445032840147420455725360070530557035214465508957189062787735463304834852774172602726352871366578169352537595202471902077075904710997793977166258209274140829
Zoom: 4.98960077380E291
Iterations: 185149
IterDiv: 1
Colors: 0,0,0,128,128,255,0,0,0,255,255,255,0,0,0,241,187,233,0,0,0,224,86,152,0,0,0,128,255,255,0,0,0,
