Re: -1.76876898442473700261959292619788254139171165927114985522553497969067887761064140098973721320758899999999999999999999999999999999
Im: -0.00216191362891550521831725070129922745099952228048611183539348868567470377745415756262974677771899999999999999999999999999999999
Zoom: 2.94994319848E93
Iterations: 500000
IterDiv: 4
Colors: 0,0,0,5,6,7,132,134,134,15,20,21,20,27,28,3,4,4,30,41,42,145,151,152,41,55,57,46,61,64,6,8,8,56,75,78,158,168,170,67,89,93,72,96,100,9,12,13,83,110,115,171,185,188,93,123,129,98,130,136,13,17,18,109,144,151,184,203,206,119,158,165,125,165,173,16,21,22,135,179,187,197,220,224,146,193,202,151,200,209,19,25,27,161,214,223,211,238,243,165,222,231,164,223,232,20,28,29,162,225,234,207,240,244,159,227,235,158,228,236,19,28,29,155,230,237,204,243,246,153,232,239,152,233,240,18,29,30,149,235,241,201,245,248,147,238,243,145,239,243,18,30,30,143,241,245,198,248,250,140,243,246,139,244,247,17,30,31,137,246,249,195,251,252,134,248,250,133,249,251,16,31,31,131,251,252,192,253,254,129,253,254,128,255,255,16,31,31,128,250,249,191,251,250,128,245,243,128,242,240,16,30,29,128,238,234,191,245,243,128,233,228,128,231,225,16,28,27,128,226,219,191,239,235,128,221,213,128,219,210,16,27,25,128,214,204,191,233,228,128,209,198,128,207,195,16,25,24,128,202,189,191,227,220,128,198,183,128,195,180,16,24,22,128,191,174,191,222,213,128,186,168,128,184,165,16,22,20,128,180,159,190,216,204,123,175,150,121,173,145,14,21,17,117,169,136,185,211,193,113,165,127,111,163,123,13,20,14,107,159,114,180,206,182,103,155,105,101,153,100,12,18,12,97,149,92,175,201,171,92,144,83,90,142,79,11,17,9,86,138,70,169,195,160,82,134,61,80,132,56,9,16,6,76,128,47,164,190,149,72,124,38,70,122,34,8,15,3,66,118,25,159,185,138,62,114,17,60,110,16,7,13,1,56,102,14,154,177,134,52,95,13,50,92,13,6,11,1,46,85,12,149,168,133,42,78,11,40,74,10,4,8,1,36,67,9,144,159,132,32,60,8,31,57,8,3,6,0,27,49,7,140,150,130,23,42,6,21,38,5,2,4,0,17,31,4,135,141,129,13,24,3,11,21,3,1,2,0,7,14,2,130,132,128,3,7,1,1,3,0,
