Re: -1.25191630066270622163278598318487500761596504081529326038097023561201565739419969598993677244749495121730470257379495490489870269999999999999999999999997
Im: -0.01835235417408356898687007047302489890290575905864800413176712478694799381143713732934679863498792901991821542216218888318491959999999999999999999999999
Zoom: 2.00000000000E122
Iterations: 120000
IterDiv: 1
Colors: 0,0,0,66,112,54,132,225,108,66,112,54,0,0,0,66,112,54,132,225,108,66,112,54,0,0,0,66,112,54,132,225,108,66,112,54,0,0,0,66,112,54,132,225,108,66,112,54,0,0,0,64,127,127,255,255,255,128,255,255,255,0,0,0,0,0,128,255,255,66,112,54,0,0,0,66,112,54,132,225,108,66,112,54,0,0,0,66,112,54,132,225,108,66,112,54,0,0,0,66,112,54,132,225,108,66,112,54,0,0,0,66,112,54,132,225,108,66,112,54,0,0,0,66,112,54,132,225,108,66,112,54,0,0,0,66,112,54,132,225,108,66,112,54,0,0,0,66,112,54,128,255,255,66,112,54,0,0,0,66,112,54,132,225,108,66,112,54,0,0,0,66,112,54,132,225,108,66,112,54,0,0,0,66,112,54,132,225,108,66,112,54,
