Re: -1.999998012788599994431399136931166563233407924358905461394663515090233821242166119137547883952336047036411645849813525405462193062169011343570931897485843865924983806303294536412498514087769454942433176932962405768590012052098708676428826695424473516454216129321345695964314017500422836308439525222962387529724377377610604215025393875848655955925002459289897451947878099541083464390776517531603221470323535061330656295811032140090818834447359422844144652651800314338420143933711256782771739745565626065496837230277293815108462821748960408893460952067517602222865007872698662810716255313366055070820891309274776735626105557974928100995173992857752325854671352651178903616592612538354138045862061413789935809170119018491726143401523213099734963525748394221672678501636396489904637015220981621999999999999999999999999999999999999999999999999999
Im: -0.000000000000000000000003637989561919930210258131359782508367221047678465360184672656163222014467166679824776709801254414108957215248431263478267748864866931277081543409791104057622205768475352308136467399903705566076771118520264321164431087124551129394204278743413557317978711322635465116237356626295474453506473598393593101109149211136206991528112684931728467353829121702642851582870911565253369158404853021350394295067263214707576670434176651080977948705749015465095739299878999213615961880117711152103913346706799540489510780137761069884742137317102456703468467203007998595332445111958105870625066107899189688349497929335191068662089234319475848706451531919613171217725423380588641953448511352573438159632270690965658525813379939239782739092576399492708236466732745831107124224891747088999999999999999999999999999999999999999999999999999
Zoom: 6.09815832979E784
Iterations: 200000
IterDiv: 1
Colors: 0,0,0,130,130,74,11,12,40,136,136,157,23,25,81,29,31,101,145,146,125,41,44,142,151,153,209,51,76,167,55,101,171,157,190,151,64,152,180,161,216,219,72,202,189,76,227,193,168,254,163,77,222,202,164,223,231,69,160,212,65,130,217,158,177,174,57,69,226,154,146,243,49,8,236,42,7,206,145,130,152,30,5,147,139,129,186,18,3,88,12,2,59,130,128,78,0,0,0,130,130,137,11,12,40,17,18,60,139,140,104,29,31,101,145,146,188,41,44,142,47,51,163,153,165,147,55,101,171,157,190,215,64,152,180,68,177,184,163,228,158,76,227,193,168,254,226,77,222,202,73,191,207,162,207,170,65,130,217,158,177,238,57,69,226,53,38,231,152,131,182,42,7,206,145,130,216,30,5,147,24,4,118,136,129,108,12,2,59,130,128,142,0,0,0,5,6,20,133,133,84,17,18,60,139,140,168,29,31,101,35,38,122,148,149,135,47,51,163,153,165,211,55,101,171,59,126,175,159,203,154,68,177,184,163,228,222,76,227,193,81,253,198,166,238,165,73,191,207,162,207,233,65,130,217,61,99,221,156,162,177,53,38,231,152,131,245,42,7,206,36,6,177,142,130,137,24,4,118,136,129,171,12,2,59,6,1,29,127,127,64,5,6,20,133,133,147,17,18,60,23,25,81,142,143,114,35,38,122,148,149,198,47,51,163,51,76,167,155,178,149,59,126,175,159,203,217,68,177,184,72,202,189,165,241,160,81,253,198,166,238,228,73,191,207,69,160,212,160,192,172,61,99,221,156,162,240,53,38,231,49,8,236,148,131,167,36,6,177,142,130,201,24,4,118,18,3,88,133,128,93,6,1,29,
