Re: -1.768735461720410894578928321315891848716174195931408994342747678163299339999999999999999999999997
Im: 0.002005293572225540807098747496641354959600276595413176805600567817613379999999999999999999999997
Zoom: 2.65532701786E68
Iterations: 60000
IterDiv: 1
Colors: 0,0,0,41,35,190,132,225,108,0,0,0,41,35,190,132,225,108,0,0,0,41,35,190,132,225,108,0,0,0,41,35,190,132,225,108,0,0,0,41,35,190,132,225,108,0,0,0,41,35,190,132,225,108,0,0,0,41,35,190,132,225,108,0,0,0,41,35,190,132,225,108,0,0,0,41,35,190,132,225,108,0,0,0,41,35,190,132,225,108,0,0,0,41,35,190,132,225,108,0,0,0,41,35,190,132,225,108,0,0,0,41,35,190,132,225,108,0,0,0,41,35,190,132,225,108,0,0,0,41,35,190,132,225,108,0,0,0,41,35,190,132,225,108,0,0,0,41,35,190,132,225,108,0,0,0,41,35,190,132,225,108,0,0,0,41,35,190,132,225,108,0,0,0,41,35,190,132,225,108,0,0,0,41,35,190,132,225,108,0,0,0,41,35,190,132,225,108,0,0,0,41,35,190,132,225,108,0,0,0,41,35,190,132,225,108,0,0,0,41,35,190,132,225,108,0,0,0,41,35,190,132,225,108,0,0,0,41,35,190,132,225,108,0,0,0,41,35,190,132,225,108,0,0,0,41,35,190,132,225,108,0,0,0,41,35,190,132,225,108,0,0,0,41,35,190,132,225,108,0,0,0,41,35,190,132,225,108,0,0,0,41,35,190,132,225,108,0,0,0,41,35,190,132,225,108,0,0,0,41,35,190,132,225,108,0,0,0,41,35,190,132,225,108,0,0,0,41,35,190,132,225,108,0,0,0,
