Re: -1.479946223325078880202580653442563833590828874828533272328919467504501428041551458102123157715213651035545943542078167348953885787341902612509986719999999999999999999998
Im: 0.000901397329020353980197791866197173566251566818045102411067630386488692287189049145621584436026934218763527577290631809454796618110767424580322789999999999999999999998
Zoom: 6.09716513732E141
Iterations: 45330
IterDiv: 1
Colors: 0,0,0,64,10,55,127,235,203,0,0,0,115,62,37,77,43,186,1,1,119,234,125,172,90,206,103,255,255,255,0,0,0,85,212,161,84,27,145,121,211,192,123,114,4,29,214,80,
