Re: -0.75465955403528016877530233442298281918680130177194890948816182384947020897079999999999999999999999999999
Im: -0.05960890779821542728316246014722606513696083108916397091800211433593023739109999999999999999999999999999
Zoom: 7.06738825911E72
Iterations: 70000
IterDiv: 1
Colors: 64,127,127,37,70,70,10,13,14,15,20,21,20,27,28,25,34,35,30,41,42,35,48,49,41,55,57,65,108,110,89,161,163,75,121,124,62,82,86,67,89,93,72,96,100,77,103,107,83,110,115,88,116,122,93,123,129,104,159,164,116,196,199,115,173,178,114,151,158,119,158,165,125,165,173,130,172,180,135,179,187,140,186,194,146,193,202,144,212,218,142,231,235,154,226,233,167,221,231,169,222,227,172,223,224,175,224,221,178,225,218,180,226,214,183,227,211,170,234,220,158,242,230,176,236,214,194,231,198,197,232,195,200,233,192,202,234,188,58,102,30,208,236,182,211,238,179,191,242,196,172,247,213,197,244,189,222,242,166,224,243,162,227,244,159,230,245,156,233,246,153,0,0,0,238,248,146,212,250,171,186,252,197,217,252,165,249,252,134,0,0,0,255,255,128,251,252,128,247,250,129,243,247,130,239,245,131,209,246,162,179,247,194,201,241,164,223,236,135,219,233,136,215,231,137,211,228,138,207,226,139,203,223,140,199,221,141,179,228,170,159,236,199,171,224,172,183,212,145,179,209,146,175,207,147,171,204,148,167,202,149,163,200,150,159,198,151,149,211,177,139,224,204,141,206,179,143,189,155,139,186,156,135,184,157,131,182,158,128,180,159,124,174,154,120,168,149,120,187,173,120,206,197,112,176,163,0,0,0,100,140,124,96,135,119,92,129,114,88,123,109,84,117,104,80,112,99,90,145,135,100,178,172,82,134,125,64,90,79,60,84,74,56,78,69,52,72,64,48,67,59,44,61,54,40,56,49,60,103,98,80,150,147,52,91,88,24,33,29,20,27,24,16,22,19,12,16,14,8,11,9,4,5,4,
