Re: -1.77475351753083770573894033497037097802182816290271921603874830353438213458456316064701139456865011367554965882781060450097766760995682928436195825716651347169777866813631893948539940219189117243389456072313004888817800859767557189023212734659572166
Im: -0.004036632897111787015162989663234412765102400026273487424621868453347535650573290041215441442372245453081253547408886138132554583600990798399345830569419102634690973037410400576703916261855421272583697066253185918646237506704864109885479315351789285
Zoom: 1.61116778824E224
Iterations: 132928
IterDiv: 1.000000
SmoothMethod: 0
ColorMethod: 0
ColorOffset: 0
Rotate: 0.000000
Ratio: 360.000000
Colors: 0,0,0,41,35,190,132,225,108,0,0,0,144,73,241,241,187,233,235,179,166,219,60,135,12,62,153,36,94,13,0,0,0,0,255,255,18,77,200,255,255,255,166,31,3,90,125,9,56,37,31,0,0,0,252,150,245,69,59,19,13,137,10,28,219,174,50,32,154,80,238,64,
Smooth: 1
MultiColor: 0
BlendMC: 0
MultiColors: 
Power: 2
FractalType: 0
Slopes: 0
SlopePower: 100
SlopeRatio: 50
SlopeAngle: 45
imag: 1
real: 1
SeedR: 0
SeedI: 0
FactorAR: 1
FactorAI: 0
