Re: -1.769232523769772230788530361915455337632209527150949536875053649668097709113942480434299788259711907231988521261013382929514286844445602608522006180055943157716155199999999999999999999999999999
Im: 0.003414899452964662457918193187599630540865705484570768165426078164101767378824533179687137349809587064375418075075486659159997518314096786935309390784258978314143899999999999999999999999999999
Zoom: 9.94128891279E159
Iterations: 120000
IterDiv: 1
Colors: 0,0,0,41,35,190,132,225,108,0,0,0,144,73,241,241,187,233,235,179,166,219,60,135,12,62,153,36,94,13,0,0,0,71,222,179,18,77,200,67,187,139,166,31,3,90,125,9,56,37,31,255,255,255,252,150,245,69,59,19,13,137,10,28,219,174,50,32,154,80,238,64,0,0,0,18,73,50,246,158,125,73,220,173,79,20,242,68,64,102,208,107,196,48,183,50,
