Re: -1.942034146213166011266766356471562663909958505324496890921756912185110119840153464180741840389025745069511355531989576546768399347254695082446182
Im: -0.000037248645863730440579172095207411133485250543371387372822640718794857809274142073876433017400710520904996101878115452987099884343796560361761
Zoom: 1.97010030981E115
Iterations: 100000
IterDiv: 1.000000
SmoothMethod: 0
ColorMethod: 0
ColorOffset: 0
Colors: 84,104,184,121,160,199,158,216,214,181,211,194,204,206,174,207,165,139,210,125,105,111,67,54,13,9,4,48,56,94,84,104,184,121,160,199,158,216,214,181,211,194,204,206,174,207,165,139,210,125,105,111,67,54,13,9,4,48,56,94,84,104,184,121,160,199,158,216,214,181,211,194,204,206,174,207,165,139,210,125,105,111,67,54,13,9,4,48,56,94,84,104,184,121,160,199,158,216,214,181,211,194,204,206,174,207,165,139,210,125,105,111,67,54,13,9,4,48,56,94,
Smooth: 0
