Re: -1.25695035329260762192179442830168978538398598902055001234948633237375
Im: -0.073307706321129686666529824674818325988362112687295829192684355139583334
Zoom: 2.17780714829E40
Iterations: 66037
IterDiv: 2.000000
SmoothMethod: 0
ColorMethod: 0
ColorOffset: 0
Colors: 118,118,118,214,214,214,211,211,211,161,161,161,134,134,134,102,102,102,41,41,41,28,28,28,118,118,118,214,214,214,211,211,211,161,161,161,134,134,134,102,102,102,41,41,41,28,28,28,
Smooth: 1
