Re: -0.671410859442266352417302883553210287742736373893
Im: -0.325308099577133849681948369718731118604630143561
Zoom: 9.44473296573E21
Iterations: 43210
IterDiv: 50.000000
SmoothMethod: 0
ColorMethod: 0
ColorOffset: 50
Colors: 87,112,210,126,195,214,181,245,235,161,230,185,235,190,145,61,35,30,213,181,190,126,193,204,63,85,74,15,18,20,200,200,190,126,195,184,55,77,55,1,2,0,87,112,210,135,216,220,76,100,82,80,115,92,235,190,145,118,176,174,80,92,77,46,53,75,82,126,171,111,176,177,78,94,77,46,56,34,18,63,18,104,168,167,
Smooth: 1
