Re: 0.2986679872863021367737836811667272818018042357740793766757629363045971746052745264802639764734874314658148339227974945198801699
Im: -0.01854113455540693508614894921514242010779407659157397454489305129771530258786147827048539713980317457271006440575681160405504472
Zoom: 1.74980057982E100
Iterations: 397005
IterDiv: 5.000000
SmoothMethod: 0
ColorMethod: 0
ColorOffset: 170
Colors: 149,127,156,194,175,185,216,216,181,214,244,183,199,254,210,183,244,237,171,216,223,162,175,163,149,127,97,122,78,67,81,37,71,38,9,70,9,0,43,6,9,16,37,37,30,90,78,90,149,127,156,194,175,185,216,216,181,214,244,183,199,254,210,183,244,237,171,216,223,162,175,163,149,127,97,122,78,67,81,37,71,38,9,70,9,0,43,6,9,16,37,37,30,90,78,90,149,127,156,194,175,185,216,216,181,214,244,183,199,254,210,183,244,237,171,216,223,162,175,163,149,127,97,122,78,67,81,37,71,38,9,70,9,0,43,6,9,16,37,37,30,90,78,90,149,127,156,194,175,185,216,216,181,214,244,183,199,254,210,183,244,237,171,216,223,162,175,163,149,127,97,122,78,67,81,37,71,38,9,70,9,0,43,6,9,16,37,37,30,90,78,90,
Smooth: 1
