Re: 0.4048806813322691925952165868988332989156828505886669244247167968
Im: -0.1454556200272218785577008445631127313648724478716660966067916667
Zoom: 8.30767497365E34
Iterations: 27360
IterDiv: 10.000000
SmoothMethod: 0
ColorMethod: 0
ColorOffset: 0
Colors: 160,127,127,204,185,183,216,225,216,200,237,223,172,222,222,152,192,223,148,162,216,156,140,183,160,126,127,144,112,69,104,91,37,53,60,29,13,31,31,5,16,29,37,27,37,96,67,69,159,126,126,204,185,183,216,225,216,200,237,223,172,222,222,152,192,223,148,162,216,156,140,183,160,126,127,143,112,69,104,91,37,53,60,29,13,31,31,5,16,29,37,27,37,96,67,69,159,126,126,204,185,183,216,225,216,200,237,223,172,221,221,152,192,223,148,162,216,156,140,183,160,126,127,143,112,69,104,91,37,53,60,29,13,31,31,5,16,29,37,27,37,96,67,69,159,126,126,204,185,183,216,225,216,200,237,223,172,221,221,152,192,223,148,162,216,156,140,183,160,126,127,143,112,69,104,91,37,53,60,29,13,31,31,5,16,29,37,27,37,96,67,69,
Smooth: 1
