Re: 0.29866798728630213677378368116672728180180423577407937613705072966321230335301053
Im: -0.01854113455540693508614894921514242010779407659157397355529773616927952128668078
Zoom: 2.99315535325E51
Iterations: 48337
IterDiv: 5.000000
SmoothMethod: 0
ColorMethod: 0
ColorOffset: 20
Colors: 149,127,156,194,175,185,216,216,181,214,244,183,199,254,210,183,244,237,171,216,223,162,175,163,149,127,97,122,78,67,81,37,71,38,9,70,9,0,43,6,9,16,37,37,30,90,78,90,149,127,156,194,175,185,216,216,181,214,244,183,199,254,210,183,244,237,171,216,223,162,175,163,149,127,97,122,78,67,81,37,71,38,9,70,9,0,43,6,9,16,37,37,30,90,78,90,149,127,156,194,175,185,216,216,181,214,244,183,199,254,210,183,244,237,171,216,223,162,175,163,149,127,97,122,78,67,81,37,71,38,9,70,9,0,43,6,9,16,37,37,30,90,78,90,149,127,156,194,175,185,216,216,181,214,244,183,199,254,210,183,244,237,171,216,223,162,175,163,149,127,97,122,78,67,81,37,71,38,9,70,9,0,43,6,9,16,37,37,30,90,78,90,
Smooth: 1
