Re: 0.40488068133226919259521658689883329830971540568845948104302947978369827636438791671559665789750337647344273665690823537868622178
Im: -0.14545562002722187855770084456311273140329998030752456996143709095200605297264053898900059398756070000656638177510342017091603024
Zoom: 3.58359158748E103
Iterations: 181311
IterDiv: 10.000000
SmoothMethod: 0
ColorMethod: 0
ColorOffset: 0
Colors: 160,127,127,204,185,183,216,225,216,200,237,223,172,222,222,152,192,223,148,162,216,156,140,183,160,126,127,144,112,69,104,91,37,53,60,29,13,31,31,5,16,29,37,27,37,96,67,69,159,126,126,204,185,183,216,225,216,200,237,223,172,222,222,152,192,223,148,162,216,156,140,183,160,126,127,143,112,69,104,91,37,53,60,29,13,31,31,5,16,29,37,27,37,96,67,69,159,126,126,204,185,183,216,225,216,200,237,223,172,221,221,152,192,223,148,162,216,156,140,183,160,126,127,143,112,69,104,91,37,53,60,29,13,31,31,5,16,29,37,27,37,96,67,69,159,126,126,204,185,183,216,225,216,200,237,223,172,221,221,152,192,223,148,162,216,156,140,183,160,126,127,143,112,69,104,91,37,53,60,29,13,31,31,5,16,29,37,27,37,96,67,69,
Smooth: 1
