Re: -0.7403802683094963636329656762970744714020066753351879621265860323
Im: -0.1580989562643901137374518137439394521716093707571124657418426924
Zoom: 3.40282366920E38
Iterations: 6219
IterDiv: 6.000000
SmoothMethod: 0
ColorMethod: 0
ColorOffset: 0
Colors: 213,225,213,69,37,85,149,82,72,49,49,54,135,200,180,89,57,40,211,118,54,126,89,72,142,206,186,94,81,85,166,82,72,58,5,54,135,198,180,80,94,40,193,149,54,101,63,72,138,200,186,57,89,85,124,127,72,14,14,54,130,193,180,36,69,40,152,181,54,63,101,72,134,198,186,32,45,85,107,127,72,5,58,54,130,195,180,45,32,40,169,149,54,88,126,72,138,203,186,69,37,85,149,82,72,49,49,54,135,200,180,89,57,40,211,118,54,126,89,72,142,206,186,94,81,85,166,82,72,58,5,54,135,198,180,80,94,40,193,149,54,101,63,72,138,200,186,57,89,85,124,127,72,14,14,54,130,193,180,36,69,40,152,181,54,63,101,72,134,198,186,32,45,85,107,127,72,5,58,54,130,195,180,45,32,40,169,149,54,88,126,72,
Smooth: 0
