Re: -0.74038026830949636363296567629707447140205932903788926595495815037659004256290884
Im: -0.15809895626439011373745181374393945217160723876342429104215070194607496866666998
Zoom: 9.80797146151E55
Iterations: 95380
IterDiv: 60.000000
SmoothMethod: 0
ColorMethod: 0
ColorOffset: 0
Colors: 213,225,213,69,37,85,149,82,72,49,49,54,195,227,217,89,57,40,211,118,54,126,89,72,198,230,220,94,81,85,166,82,72,58,5,54,195,226,217,80,94,40,193,149,54,101,63,72,196,227,220,57,89,85,124,127,72,14,14,54,192,224,217,36,69,40,152,181,54,63,101,72,194,226,220,32,45,85,107,127,72,5,58,54,192,225,217,45,32,40,169,149,54,88,126,72,196,229,220,69,37,85,149,82,72,49,49,54,195,227,217,89,57,40,211,118,54,126,89,72,198,230,220,94,81,85,166,82,72,58,5,54,195,226,217,80,94,40,193,149,54,101,63,72,196,227,220,57,89,85,124,127,72,14,14,54,192,224,217,36,69,40,152,181,54,63,101,72,194,226,220,32,45,85,107,127,72,5,58,54,192,225,217,45,32,40,169,149,54,88,126,72,
Smooth: 0
