Re: -1.7864279900151272947534940006474526272291855903056998885637015955529362396003815
Im: -0.00000009432184160786999413473903270724498366128495622137870209836187860423434791
Zoom: 3.56811923176E44
Iterations: 40977
IterDiv: 6.000000
SmoothMethod: 0
ColorMethod: 0
ColorOffset: 34
Colors: 171,127,171,126,195,214,181,245,235,161,230,185,235,190,145,61,35,30,213,181,190,92,106,150,82,126,171,31,36,41,200,200,190,92,112,68,18,63,18,2,5,1,171,127,171,126,195,214,181,245,235,161,230,185,235,190,145,61,35,30,213,181,190,92,106,150,82,126,171,31,36,41,200,200,190,92,112,68,18,63,18,2,5,1,
Smooth: 1
