Re: -1.7864279900151272947534940006474526272291855902853890062330240970498863607326382450350166889447125446882081030876267036362795042709462894
Im: -0.0000000943218416078699941347390327072449836613137883716024453552160924327252289108494225327479758202834251761860480242088808870494355746
Zoom: 1.39984046386E101
Iterations: 136752
IterDiv: 5.000000
SmoothMethod: 0
ColorMethod: 0
ColorOffset: 34
Colors: 171,127,171,126,195,214,181,245,235,161,230,185,235,190,145,61,35,30,213,181,190,126,193,204,63,85,74,15,18,20,200,200,190,126,195,184,55,77,55,1,2,0,171,127,171,135,216,220,76,100,82,80,115,92,235,190,145,118,176,174,80,92,77,46,53,75,82,126,171,111,176,177,78,94,77,46,56,34,18,63,18,104,168,167,
Smooth: 1
