Re: -0.7424134547985512237270692518603073159656
Im: -0.1359212238801490002515492960811972427038
Zoom: 1.40737488355E14
Iterations: 4359
IterDiv: 7.000000
SmoothMethod: 0
ColorMethod: 0
ColorOffset: 30
Colors: 160,127,127,204,185,183,216,225,216,200,237,223,172,222,222,152,192,223,148,162,216,156,140,183,160,126,127,144,112,69,104,91,37,53,60,29,13,31,31,5,16,29,37,27,37,96,67,69,159,126,126,204,185,183,216,225,216,200,237,223,172,222,222,152,192,223,148,162,216,156,140,183,160,126,127,143,112,69,104,91,37,53,60,29,13,31,31,5,16,29,37,27,37,96,67,69,159,126,126,204,185,183,216,225,216,200,237,223,172,221,221,152,192,223,148,162,216,156,140,183,160,126,127,143,112,69,104,91,37,53,60,29,13,31,31,5,16,29,37,27,37,96,67,69,159,126,126,204,185,183,216,225,216,200,237,223,172,221,221,152,192,223,148,162,216,156,140,183,160,126,127,143,112,69,104,91,37,53,60,29,13,31,31,5,16,29,37,27,37,96,67,69,
Smooth: 1
