Re: -0.74734141625350014883801713524028921620378062504757942229705106536261122767160458296862858861328046457103103808210219681316169585838561917547055643554689
Im: -0.08016378702683190851331759062737518316743362240276444988830703520369651233439467001067300843671854942679944761374596130068801965617608581367926432187501
Zoom: 1.65263992197E122
Iterations: 105684
IterDiv: 1.000000
SmoothMethod: 0
ColorMethod: 0
ColorOffset: 0
Colors: 84,104,184,158,216,214,204,206,174,210,125,105,13,9,4,30,38,17,38,74,74,39,36,128,
Smooth: 1
