Re: -1.779712703721574785602822052041927631539987557347783401228388785422487795
Im: -0.000060123945488982996829770504103883690949246946683829847972401567179907
Zoom: 5.44451787073E39
Iterations: 13551
IterDiv: 1.000000
SmoothMethod: 0
ColorMethod: 0
ColorOffset: 0
Colors: 160,127,127,204,185,183,216,225,216,200,237,223,172,222,222,152,192,223,148,162,216,156,140,183,160,126,127,144,112,69,104,91,37,53,60,29,13,31,31,5,16,29,37,27,37,96,67,69,
Smooth: 1
