Re: -1.8617607482503289156427305165553987253293003087401179237745208052631483015962004602007911495342768056454562335610677877082089677699999999
Im: -0.0000322292104248943834791771900549053195952137267100835605976030365000187241675474163315306619061723788305742087693516239309998999999999
Zoom: 1.74980057982E100
Iterations: 68860
IterDiv: 3.000000
SmoothMethod: 0
ColorMethod: 0
ColorOffset: 100
Colors: 149,127,156,194,175,185,216,216,181,214,244,183,199,254,210,183,244,237,171,216,223,162,175,163,149,127,97,122,78,67,81,37,71,38,9,70,9,0,43,6,9,16,37,37,30,90,78,90,149,127,156,194,175,185,216,216,181,214,244,183,199,254,210,183,244,237,171,216,223,162,175,163,149,127,97,122,78,67,81,37,71,38,9,70,9,0,43,6,9,16,37,37,30,90,78,90,149,127,156,194,175,185,216,216,181,214,244,183,199,254,210,183,244,237,171,216,223,162,175,163,149,127,97,122,78,67,81,37,71,38,9,70,9,0,43,6,9,16,37,37,30,90,78,90,149,127,156,194,175,185,216,216,181,214,244,183,199,254,210,183,244,237,171,216,223,162,175,163,149,127,97,122,78,67,81,37,71,38,9,70,9,0,43,6,9,16,37,37,30,90,78,90,
Smooth: 0
