Re: 0.29866798728630213677378368116672728180180423577407944295616848196810345686640625
Im: -0.01854113455540693508614894921514242010779407659157413689091890847012456320833334
Zoom: 9.35361047891E49
Iterations: 45685
IterDiv: 5.000000
SmoothMethod: 0
ColorMethod: 0
ColorOffset: 120
Colors: 149,127,156,194,175,185,216,216,181,214,244,183,199,254,210,183,244,237,171,216,223,162,175,163,149,127,97,122,78,67,81,37,71,38,9,70,9,0,43,6,9,16,37,37,30,90,78,90,149,127,156,194,175,185,216,216,181,214,244,183,199,254,210,183,244,237,171,216,223,162,175,163,149,127,97,122,78,67,81,37,71,38,9,70,9,0,43,6,9,16,37,37,30,90,78,90,149,127,156,194,175,185,216,216,181,214,244,183,199,254,210,183,244,237,171,216,223,162,175,163,149,127,97,122,78,67,81,37,71,38,9,70,9,0,43,6,9,16,37,37,30,90,78,90,149,127,156,194,175,185,216,216,181,214,244,183,199,254,210,183,244,237,171,216,223,162,175,163,149,127,97,122,78,67,81,37,71,38,9,70,9,0,43,6,9,16,37,37,30,90,78,90,
Smooth: 1
