Re: -1.7864402514751745767447288140308124495674655139906743592752760365962264343596391883984375
Im: -0.0000000000850186144215288349808124136653941217723920215226710633153853226395243975659724
Zoom: 1.46150163733E48
Iterations: 364828
IterDiv: 50.000000
SmoothMethod: 0
ColorMethod: 0
ColorOffset: 80
Colors: 149,127,156,194,175,185,216,216,181,214,244,183,199,254,210,183,244,237,171,216,223,162,175,163,149,127,97,122,78,67,81,37,71,38,9,70,9,0,43,6,9,16,37,37,30,90,78,90,149,127,156,194,175,185,216,216,181,214,244,183,199,254,210,183,244,237,171,216,223,162,175,163,149,127,97,122,78,67,81,37,71,38,9,70,9,0,43,6,9,16,37,37,30,90,78,90,149,127,156,194,175,185,216,216,181,214,244,183,199,254,210,183,244,237,171,216,223,162,175,163,149,127,97,122,78,67,81,37,71,38,9,70,9,0,43,6,9,16,37,37,30,90,78,90,149,127,156,194,175,185,216,216,181,214,244,183,199,254,210,183,244,237,171,216,223,162,175,163,149,127,97,122,78,67,81,37,71,38,9,70,9,0,43,6,9,16,37,37,30,90,78,90,
Smooth: 1
