Re: -1.7864402514751745767447288140308124495674655139906743592752760365962264343596391883984375
Im: -0.0000000000850186144215288349808124136653941217723920215226710633153853226395243975659724
Zoom: 1.46150163733E48
Iterations: 364828
IterDiv: 50.000000
SmoothMethod: 0
ColorMethod: 0
ColorOffset: 80
Colors: 82,82,82,185,192,175,181,171,171,154,119,161,203,171,235,74,85,126,180,234,234,57,109,92,171,171,171,112,60,78,135,81,81,143,133,92,50,81,18,133,168,126,9,18,18,150,143,161,
Smooth: 1
