Re: -1.861760748250328915642730516555398725329300308740117923774520805248729086326872403493248973354762
Im: -0.000032229210424894383479177190054905319595213726710083560597603012656152116604522140935513212892
Zoom: 1.31640364585E64
Iterations: 24057
IterDiv: 3.000000
SmoothMethod: 0
ColorMethod: 0
ColorOffset: 30
Colors: 149,127,156,194,175,185,216,216,181,214,244,183,199,254,210,183,244,237,171,216,223,162,175,163,149,127,97,122,78,67,81,37,71,38,9,70,9,0,43,6,9,16,37,37,30,90,78,90,149,127,156,194,175,185,216,216,181,214,244,183,199,254,210,183,244,237,171,216,223,162,175,163,149,127,97,122,78,67,81,37,71,38,9,70,9,0,43,6,9,16,37,37,30,90,78,90,149,127,156,194,175,185,216,216,181,214,244,183,199,254,210,183,244,237,171,216,223,162,175,163,149,127,97,122,78,67,81,37,71,38,9,70,9,0,43,6,9,16,37,37,30,90,78,90,149,127,156,194,175,185,216,216,181,214,244,183,199,254,210,183,244,237,171,216,223,162,175,163,149,127,97,122,78,67,81,37,71,38,9,70,9,0,43,6,9,16,37,37,30,90,78,90,
Smooth: 1
