Re: -1.7862739201146131761314105884334154183607442968642922179299432204617920508056901433544757665583840168188964340170400986500383806809495731
Im: -0.0000085674923912100325021610525418967584915246324089123282830993803279603909960415391987588444807087975798506799060444990728630479204691
Zoom: 2.29349861599E105
Iterations: 83887
IterDiv: 3.000000
SmoothMethod: 0
ColorMethod: 0
ColorOffset: 30
Colors: 149,127,156,194,175,185,216,216,181,214,244,183,199,254,210,183,244,237,171,216,223,162,175,163,149,127,97,122,78,67,81,37,71,38,9,70,9,0,43,6,9,16,37,37,30,90,78,90,149,127,156,194,175,185,216,216,181,214,244,183,199,254,210,183,244,237,171,216,223,162,175,163,149,127,97,122,78,67,81,37,71,38,9,70,9,0,43,6,9,16,37,37,30,90,78,90,149,127,156,194,175,185,216,216,181,214,244,183,199,254,210,183,244,237,171,216,223,162,175,163,149,127,97,122,78,67,81,37,71,38,9,70,9,0,43,6,9,16,37,37,30,90,78,90,149,127,156,194,175,185,216,216,181,214,244,183,199,254,210,183,244,237,171,216,223,162,175,163,149,127,97,122,78,67,81,37,71,38,9,70,9,0,43,6,9,16,37,37,30,90,78,90,
Smooth: 1
