Re: -1.2569261975689042947980329311360995058478350732336203404071982824285409260328994987537147522157208165341726302162638396230635550557545411986956625675253745814341
Im: -0.3827493543953323103414172968516698545835280678943569637565878686829434835342664935373167051336187199733683407744281687444691379831910073855840304195646696020908
Zoom: 3.81999999999E140
Iterations: 689043
IterDiv: 4.000000
SmoothMethod: 0
ColorMethod: 0
ColorOffset: 0
Colors: 64,91,189,151,236,207,174,194,87,132,36,34,115,32,138,131,189,223,115,239,143,84,97,35,120,5,83,196,120,205,183,246,193,70,167,67,19,19,43,126,54,161,246,212,220,197,224,119,46,69,30,12,12,105,138,150,216,233,248,174,173,138,51,66,9,57,64,80,182,137,231,212,163,203,96,134,45,32,126,25,129,142,178,222,116,242,152,72,108,38,106,5,75,197,108,199,202,242,199,84,178,75,9,25,38,102,45,152,238,203,222,216,231,129,68,80,32,9,9,96,115,138,212,221,248,182,183,150,57,84,12,51,69,69,174,126,224,216,150,212,105,129,54,30,134,19,119,155,167,220,122,246,161,62,120,43,88,5,67,193,97,193,219,239,205,104,189,83,5,32,35,78,36,143,225,194,223,231,236,138,91,91,34,12,6,87,95,126,207,204,246,189,189,162,64,101,16,45,78,59,165,120,216,219,137,220,114,122,64,30,138,14,110,168,156,218,132,247,170,57,132,48,69,7,60,183,85,185,233,233,210,126,199,91,7,40,32,56,29,133,206,183,222,240,241,148,115,103,37,19,5,79,80,114,202,186,244,196,189,173,71,116,22,40,90,49,156,119,208,221,126,227,124,111,74,31,137,10,101,181,144,214,147,248,178,55,144,54,51,10,54,168,74,178,243,227,214,150,208,101,15,49,31,36,22,124,185,173,221,243,244,156,137,114,40,32,5,71,69,103,196,168,241,202,183,183,79,126,29,37,103,40,148,123,199,222,118,233,133,98,85,32,131,7,91,190,132,210,164,247,185,60,156,60,33,14,48,149,64,170,247,220,218,174,216,110,28,59,30,22,16,114,161,161,219,241,246,165,157,126,45,48,6,63,
Smooth: 1
