Re: -1.99638326014302577705144324068724437226972160595470561308751936621073285634946898568559131955297464809054062135939973991343338842
Im: 0.00000000000000000000000000000000000000000000000000000048578253721135929943951805637413648684608768956624003142600990620711253936
Zoom: 3.06499108173E54
Iterations: 4033
IterDiv: 1
SmoothMethod: 0
Colors: 191,191,149,230,230,236,202,202,225,134,134,142,74,74,74,57,57,77,84,84,115,127,127,124,152,152,94,149,149,82,133,133,133,126,126,212,137,137,233,152,152,158,148,148,47,116,116,3,74,74,62,57,57,159,87,87,202,154,154,172,215,215,126,226,226,125,171,171,151,80,80,145,12,12,84,14,14,29,88,88,54,187,187,154,248,248,243,232,232,234,151,151,139,60,60,51,16,16,43,43,43,100,116,116,143,183,183,134,206,206,112,177,177,133,127,127,189,92,92,211,91,91,149,111,111,46,127,127,0,125,125,60,113,113,171,111,111,229,133,133,196,168,168,124,186,186,92,162,162,113,103,103,130,46,46,102,33,33,60,82,82,72,168,168,156,235,235,238,237,237,232,167,167,134,68,68,34,4,4,20,17,17,89,97,97,162,192,192,173,241,241,140,217,217,128,140,140,158,66,66,181,38,38,140,67,67,54,124,124,11,167,167,66,173,173,179,150,150,246,125,125,211,118,118,118,128,128,61,135,135,77,122,122,120,94,94,125,77,77,97,94,94,95,145,145,152,198,198,221,213,213,219,170,170,128,89,89,25,23,23,7,18,18,86,84,84,181,181,181,208,247,247,164,238,238,119,158,158,122,61,61,146,8,8,132,30,30,72,108,108,33,190,190,78,223,223,182,194,194,251,131,131,216,79,79,110,68,68,34,93,93,48,128,128,113,144,144,152,137,137,137,125,125,117,128,128,142,148,148,193,164,164,197,154,154,122,112,112,27,64,64,7,48,48,88,84,84,196,159,159,234,223,223,181,231,231,107,170,170,85,76,76,112,8,8,127,14,14,97,91,91,64,190,190,92,247,247,179,228,228,244,148,148,212,61,61,103,22,22,16,51,51,28,118,118,111,179,179,178,196,196,176,168,168,137,126,126,128,101,101,158,103,103,170,119,119,119,126,126,40,115,115,19,100,100,94,105,105,206,137,137,250,178,178,191,196,196,94,166,166,51,99,99,81,37,37,126,27,27,128,82,82,101,173,173,108,241,241,168,239,239,223,164,164,199,65,65,98,4,4,10,21,21,18,101,101,113,192,192,202,236,236,209,209,209,153,137,137,110,69,69,119,47,47,141,75,75,120,126,126,63,160,160,42,161,161,103,141,141,206,126,126,252,127,127,192,140,140,82,142,142,23,119,119,57,84,84,129,67,67,161,90,90,140,149,149,122,207,207,150,220,220,193,171,171,180,84,84,96,17,17,15,15,15,21,86,86,119,184,184,219,248,248,233,236,236,163,155,155,90,60,60,80,12,12,113,36,36,125,112,112,94,187,187,72,215,215,113,186,186,198,129,129,242,85,85,186,79,79,73,102,102,6,128,128,42,134,134,134,125,125,192,118,118,175,130,130,133,158,158,127,175,175,155,158,158,158,108,108,100,55,55,32,40,40,34,83,83,125,164,164,228,230,230,246,234,234,166,169,169,71,72,72,45,6,6,89,15,15,133,94,94,131,191,191,106,245,245,121,222,222,181,144,144,220,63,63,175,30,30,70,58,58,1,122,122,37,174,174,142,185,185,218,159,159,205,125,125,139,109,109,101,115,115,115,127,127,135,125,125,110,105,105,59,89,89,55,99,99,130,140,140,225,188,188,245,205,205,164,168,168,56,94,94,18,30,30,71,22,22,146,82,82,167,177,177,140,244,244,126,239,239,156,161,161,188,63,63,160,6,6,74,25,25,9,105,105,41,
Smooth: 1
