Re: -1.47994622332507888020258065344256383359082887482853327232891946750450142804155145810212315771521365103554594354207816734895388578734190261251015391974307478569555110821491167356
Im: 0.0009013973290203539801977918661971735662515668180451024110676303864886922871890491456215844360269342187635275772906318094547966181107674245804385086232724674841143909710124389
Zoom: 1.56087427515E144
Iterations: 68703
IterDiv: 1
Colors: 0,0,0,64,10,55,127,235,203,0,0,0,115,62,37,77,43,186,1,1,119,234,125,172,90,206,103,255,255,255,0,0,0,85,212,161,84,27,145,121,211,192,123,114,4,29,214,80,
Smooth: 1
