Re: -0.128775063425085918872737659386915206579458255581648084696301325
Im: 0.9882264058418236184479252236251494103574426760604137078435169067
Zoom: 1.42724769270E45
Iterations: 7437
IterDiv: 4
Colors: 75,232,135,167,230,196,84,179,139,44,76,70,93,126,143,177,190,192,106,127,117,56,63,52,119,128,91,196,180,168,155,85,72,86,32,31,191,43,54,224,158,149,198,81,34,100,50,12,205,119,14,215,202,159,148,179,112,59,104,80,91,239,211,168,229,238,74,170,231,33,68,120,58,102,252,158,188,224,65,141,135,34,80,38,72,181,18,178,202,141,132,119,36,81,44,22,193,57,55,210,168,166,137,106,102,54,65,63,81,156,150,158,215,208,41,194,173,10,106,92,2,233,196,139,220,220,44,139,174,32,46,81,87,45,153,168,169,187,77,124,87,36,82,27,67,204,21,173,216,140,117,152,29,71,63,16,167,100,38,218,195,165,196,172,114,105,104,76,226,244,190,213,235,225,116,186,201,30,78,103,7,128,213,139,189,235,40,121,219,28,58,111,73,114,226,168,201,216,89,183,131,48,108,42,106,252,37,183,237,143,118,188,28,62,78,12,130,124,20,181,185,146,86,106,55,32,48,36,43,89,91,145,177,185,30,111,141,12,61,83,18,133,191,147,181,223,61,82,191,41,28,95,104,31,192,166,168,213,52,132,151,13,91,65,1,233,111,158,216,182,124,121,108,92,32,53,247,10,105,236,144,190,188,58,147,79,41,84,129,106,189,188,199,230,115,180,221,54,108,118,101,254,253,168,224,239,64,134,193,22,37,81,27,14,134,138,158,187,15,108,104,4,77,44,4,203,75,145,204,166,68,106,82,50,29,42,132,10,89,203,162,181,171,128,128,95,93,74,211,246,168,210,248,218,119,237,195,36,116,104,27,228,222,146,215,236,47,122,214,28,34,105,68,16,207,162,162,222,71,124,171,36,89,76,
Smooth: 1
