Re: -0.18031052004456857885797568427321538769673734468828512542
Im: -0.65260495279275434697558463774192966260328528607576875697
Zoom: 5.07060240091E30
Iterations: 4038
IterDiv: 1
Colors: 104,108,151,192,182,165,156,112,0,45,65,15,27,148,61,179,218,206,182,216,254,68,85,85,93,124,89,169,179,171,73,82,87,72,72,76,218,209,219,221,222,226,156,172,177,68,67,99,117,99,219,210,160,196,216,32,57,57,32,39,15,96,102,136,195,159,21,176,27,43,79,26,154,142,77,193,186,165,110,94,74,43,48,44,63,98,103,189,186,215,186,137,248,79,35,62,133,4,3,208,183,144,189,221,65,93,95,46,184,159,121,231,202,221,233,140,255,59,69,72,4,139,34,130,213,184,7,206,194,64,67,54,252,62,23,215,200,155,100,228,89,59,120,57,137,252,139,183,192,193,85,6,123,49,50,71,113,194,164,166,177,193,42,4,98,72,57,27,246,227,12,249,219,162,242,142,129,78,53,80,70,72,191,182,165,214,149,79,158,79,42,88,168,91,196,181,177,235,46,109,236,53,91,109,168,255,200,214,192,241,180,6,254,93,11,117,193,39,215,195,183,225,80,185,176,29,104,87,37,231,173,195,213,191,234,113,83,104,33,41,185,19,83,228,187,195,219,219,190,78,106,110,96,205,250,201,198,194,199,80,18,59,55,28,39,140,97,138,171,174,5,34,90,62,42,30,246,134,32,198,194,153,38,132,73,35,60,56,
Smooth: 1
