Re: -0.74967414511341509237180859231999999999999999999999999999
Im: 0.06614859176875259695555867846199999999999999999999999999
Zoom: 4.95200000000E27
Iterations: 5000
IterDiv: 1
Colors: 0,0,0,41,35,190,132,225,108,0,0,0,144,73,241,241,187,233,235,179,166,219,60,135,12,62,153,36,94,13,0,0,0,71,222,179,18,77,200,67,187,139,166,31,3,90,125,9,56,37,31,0,0,0,252,150,245,69,59,19,13,137,10,28,219,174,50,32,154,80,238,64,0,0,0,18,73,50,246,158,125,73,220,173,79,20,242,68,64,102,208,107,196,0,0,0,59,161,34,255,255,255,157,225,139,31,218,176,202,153,2,185,114,157,0,0,0,126,197,153,213,233,128,178,234,201,204,83,191,103,214,191,20,214,126,0,0,0,102,131,239,87,73,97,255,105,143,97,205,209,30,157,156,22,114,114,0,0,0,132,79,74,119,2,215,232,57,44,83,203,201,18,30,51,116,158,12,0,0,0,159,212,164,89,126,53,207,50,34,244,204,207,
