Re: -0.1532669471473329597049297173584
Im: 1.03127302474652727444966511892359
Zoom: 3.435973836E10
Iterations: 3001
IterDiv: 3
Colors: 94,3,67,169,247,189,200,66,241,193,38,38,137,105,36,145,97,220,24,12,37,39,172,44,111,144,226,124,232,38,86,184,177,157,196,60,1,89,201,187,15,201,238,52,50,246,226,34,70,92,7,244,83,248,48,188,105,162,170,43,206,157,121,189,92,109,227,49,36,232,51,60,87,144,183,126,103,32,11,181,105,101,153,49,190,79,97,136,242,72,246,138,228,196,201,119,39,26,170,112,169,146,140,44,146,191,137,236,111,15,38,177,144,160,215,172,174,85,198,246,210,42,208,129,113,196,208,79,220,77,33,225,216,126,94,243,136,253,108,102,148,234,187,126,132,180,200,77,109,50,231,111,208,239,63,248,191,197,22,171,65,173,79,109,248,213,48,249,1,243,105,212,28,218,82,132,13,74,117,253,66,13,76,92,181,63,76,215,20,238,34,244,32,227,60,250,83,190,139,165,197,73,135,30,80,6,116,42,242,10,228,162,116,14,126,35,73,196,253,6,185,103,124,147,63,150,240,113,47,98,246,97,155,166,207,45,120,151,168,218,253,155,31,37,76,95,4,46,84,35,92,110,246,89,172,238,102,111,116,187,213,233,249,149,77,178,71,231,220,180,119,252,244,166,46,111,18,37,102,227,158,7,113,245,18,236,58,111,95,21,207,190,141,122,28,167,161,22,249,53,195,134,104,246,160,210,23,103,14,139,45,172,238,22,67,132,87,71,175,125,241,50,9,100,158,61,232,0,96,122,237,0,119,52,3,49,201,200,228,244,135,182,224,240,14,248,218,4,11,147,147,127,227,107,43,148,82,91,228,8,82,133,42,46,62,231,208,21,55,48,157,0,199,209,7,22,196,86,62,91,119,247,108,223,
Smooth: 1
