Re: -0.073437451563533861556042489652128243823279017266862408325619922680747284
Im: -0.97079691474352034198999391706988543370105241614161610029218146534518682
Zoom: 5.06771881363E61
Iterations: 12831
IterDiv: 1.000000
SmoothMethod: 0
ColorMethod: 0
ColorOffset: 0
Colors: 223,118,228,173,108,169,39,128,34,21,100,23,157,88,163,253,165,253,168,216,162,30,121,29,36,9,42,161,73,164,216,225,211,145,225,140,75,82,78,94,25,100,137,118,135,132,188,126,125,150,125,154,114,160,159,132,161,93,119,87,48,72,45,122,108,126,226,209,231,195,199,191,54,60,48,8,8,9,133,139,139,248,248,248,189,170,183,49,45,47,31,60,36,140,154,144,206,168,202,154,127,149,90,132,93,100,142,106,129,88,128,120,61,114,118,153,117,161,235,167,174,150,177,101,13,95,36,46,32,101,200,106,222,232,227,215,111,212,73,41,67,1,104,2,108,162,114,238,140,239,205,129,199,70,156,68,31,126,36,122,53,126,193,82,189,159,207,153,104,226,107,109,84,115,126,0,126,108,108,102,107,232,106,163,187,169,190,72,193,114,67,109,29,135,25,80,145,83,213,124,219,232,153,230,96,165,90,0,87,0,84,36,90,222,132,224,216,243,210,92,180,88,36,28,41,108,27,112,177,170,174,158,227,153,116,135,118,120,65,126,128,102,128,98,139,92,94,121,92,160,133,165,205,181,208,131,145,126,27,43,22,58,53,61,199,193,205,245,245,243,120,114,114,4,4,4,64,82,70,203,208,205,222,192,216,112,98,109,46,84,51,98,125,103,162,120,159,153,110,147,123,165,124,132,191,139,135,99,135,92,17,86,78,103,76,152,240,157,216,207,220,151,53,147,30,20,25,38,141,40,179,211,185,252,148,251,145,90,138,15,112,14,48,123,54,182,96,185,221,126,216,131,200,126,60,171,64,94,46,99,148,27,146,144,168,138,126,252,127,144,144,150,145,20,146,90,65,84,63,180,60,139,185,144,
Smooth: 1
