Re: -1.428683445072090832353674565231521051930244167968606202316708150511343639152007331068462120934049878484083326874280929459085949112232533451721106032821571749665358986484713176820430948120211808986277578359767448596625673992852546465471884548997274783273244816567798906207007866752755555555
Im: -0.162497141672790506229031192350986710744084726686862116883867587066367690580233990939381400400457519787368371520534935863226830751412066898592189841248595021721965254893464548467494126117779988164975581142139642289612161316282682283082663445180289720430354047821117126859968634147523333333
Zoom: 8.00000000000E266
Iterations: 73113
IterDiv: 1
SmoothMethod: 1
ColorMethod: 0
ColorOffset: 0
Colors: 0,255,255,127,191,255,0,0,255,63,0,63,255,0,0,191,191,127,0,255,0,42,85,41,169,88,165,194,160,231,99,43,251,57,57,103,130,185,161,187,232,200,110,233,132,58,87,56,122,117,92,210,211,196,210,218,182,99,92,60,186,150,60,224,166,163,203,5,85,73,38,47,92,150,104,158,186,206,33,84,212,38,71,54,121,203,5,219,225,150,245,187,85,107,57,47,184,44,103,215,139,201,166,5,194,68,33,109,108,129,245,198,204,234,175,180,184,68,71,88,99,107,169,191,196,170,157,168,2,101,88,30,248,186,119,215,211,205,103,148,194,32,56,98,27,79,199,166,147,241,128,0,255,80,32,95,192,128,128,239,223,159,255,255,0,63,79,32,0,64,128,143,171,170,63,110,42,15,91,10,0,255,0,175,223,127,192,128,0,48,95,63,
Smooth: 0
