Re: -0.7476577547427353081580665123810440625
Im: 0.1076113912272065048998414757169293333333
Zoom: 4.19424E6
Iterations: 3133
IterDiv: 1
Colors: 0,0,0,41,35,190,132,225,108,214,174,82,144,73,241,0,0,0,235,179,166,219,60,135,12,62,153,36,94,13,0,0,0,71,222,179,18,77,200,67,187,139,166,31,3,0,0,0,56,37,31,93,212,203,252,150,245,69,59,19,0,0,0,28,219,174,50,32,154,80,238,64,120,54,253,0,0,0,246,158,125,73,220,173,79,20,242,68,64,102,0,0,0,48,183,50,59,161,34,246,34,145,157,225,139,0,0,0,202,153,2,185,114,157,73,44,128,126,197,153,0,0,0,178,234,201,204,83,191,103,214,191,20,214,126,0,0,0,102,131,239,87,73,97,255,105,143,97,205,209,0,0,0,22,114,114,230,29,240,132,79,74,119,2,215,0,0,0,83,203,201,18,30,51,116,158,12,244,213,212,0,0,0,89,126,53,207,50,34,244,204,207,211,144,45,0,0,0,117,230,217,29,42,229,192,247,43,120,129,135,0,0,0,80,0,212,97,141,190,123,5,21,7,59,51,0,0,0,112,146,218,100,84,206,177,133,62,105,21,248,0,0,0,150,115,14,217,22,47,103,104,212,247,74,74,0,0,0,118,250,22,187,17,173,174,36,136,121,254,82,0,0,0,229,60,244,69,211,216,40,206,11,245,197,96,0,0,0,39,138,89,118,45,208,194,201,205,104,212,73,0,0,0,8,97,64,20,177,59,106,165,17,40,193,140,0,0,0,135,151,140,47,241,21,29,154,149,193,155,225,0,0,0,168,154,167,134,194,181,84,191,154,231,217,35,0,0,0,56,40,209,217,108,161,102,94,78,225,48,156,0,0,0,159,226,165,226,12,155,180,71,101,56,42,70,0,0,0,121,122,118,120,194,99,
Smooth: 1
