Re: -0.7660314283437199062771267361111376835938
Im: 0.1008615166776710086398654513888644444443
Zoom: 1.07374182E9
Iterations: 3001
IterDiv: 4
Colors: 200,205,180,81,67,45,217,184,165,90,89,47,219,250,183,64,62,57,165,129,185,21,32,73,132,190,217,54,92,47,230,250,132,75,65,41,175,136,205,25,60,70,130,239,190,53,75,73,231,165,212,85,65,86,195,220,215,56,55,48,173,145,137,43,45,21,169,201,161,59,59,18,203,172,130,76,68,48,205,220,221,91,88,83,232,211,200,82,44,96,187,132,247,36,62,98,141,248,205,41,101,75,197,209,200,54,97,67,167,240,188,65,68,76,218,150,219,104,60,47,246,225,131,85,79,40,178,188,205,44,56,53,165,180,156,33,34,22,156,144,144,54,44,54,207,199,218,93,63,91,234,182,219,106,88,100,234,250,237,72,107,94,166,220,207,25,51,47,139,138,143,33,67,65,181,251,242,66,87,116,207,177,245,87,39,78,223,157,166,59,30,33,150,158,156,23,30,26,151,157,152,23,19,48,150,136,199,47,27,36,198,173,129,68,55,16,194,192,158,58,71,72,177,205,242,48,61,114,175,172,241,77,51,97,235,185,209,98,70,81,216,209,209,82,79,99,203,203,245,46,63,96,144,178,202,72,26,76,255,129,206,98,36,60,196,198,170,94,94,53,248,246,191,86,74,80,179,158,224,34,41,97,144,180,225,57,59,63,226,192,156,96,91,21,221,245,142,77,62,11,187,134,134,76,60,25,220,240,171,101,92,77,238,198,238,67,42,97,152,140,212,33,52,44,169,220,132,57,94,20,200,223,164,45,58,51,144,149,194,42,13,88,194,132,237,66,42,102,193,207,223,91,98,101,245,245,233,66,71,73,141,152,168,20,41,80,154,186,246,14,72,100,130,213,208,61,82,55,248,206,158,69,40,68,145,130,233,44,41,86,198,208,195,72,80,71,202,208,202,59,62,95,172,172,244,39,84,102,162,252,216,48,123,103,190,249,245,39,102,81,143,210,172,31,52,62,174,149,207,43,13,85,167,132,217,59,54,68,206,231,174,72,55,30,193,135,141,87,13,15,236,147,143,69,56,71,158,220,253,47,90,116,192,216,233,67,71,76,197,182,174,84,34,80,225,141,242,99,24,88,228,163,190,65,52,88,157,197,242,25,89,58,149,235,130,63,91,14,233,202,154,71,43,60,165,139,221,30,32,106,151,179,246,73,56,108,251,188,225,88,38,77,181,142,185,81,31,78,237,175,227,61,38,82,140,156,192,65,38,74,244,175,211,108,66,81,227,213,206,89,47,69,206,137,188,64,68,35,177,254,137,46,94,5,169,189,128,47,57,9,180,181,146,55,29,69,184,133,247,69,9,117,209,140,243,49,69,88,144,253,189,58,107,93,227,216,252,98,75,79,224,189,162,77,92,30,185,250,154,50,113,42,170,232,186,33,67,80,151,158,229,52,52,88,208,201,202,69,90,76,186,235,206,76,84,79,221,188,208,109,75,81,252,217,210,73,74,53,149,186,152,52,92,64,210,253,232,102,67,108,249,136,238,123,25,98,252,170,212,69,43,50,142,171,143,63,84,40,240,253,192,96,101,54,208,204,171,46,38,33,140,128,150,51,62,64,217,251,234,90,85,85,218,173,192,104,56,88,246,194,239,82,62,117,173,185,251,71,46,75,225,163,154,75,47,29,181,186,160,43,64,50,160,197,195,77,79,86,250,217,233,66,64,103,138,167,229,26,54,78,168,196,183,37,77,60,161,212,192,65,98,56,224,239,174,85,94,49,
Smooth: 1
