Re: -1.997963166093350317072882066604687947460444655342892880967943194067443102278052408856844307798516493576648322514167910869617795387779123482755128
Im: 0.00000000000000000000504761706708648452119369228909860511665230630475266335756334234063335214294092053342219008724883557368427540311560996708713
Zoom: 8.95897896869E102
Iterations: 11521
IterDiv: 1
Colors: 2,46,0,234,225,233,216,191,38,2,39,13,251,204,214,55,141,234,20,7,24,213,238,225,177,182,213,44,37,35,251,240,205,145,45,164,28,17,6,217,231,207,42,186,160,31,11,30,213,242,239,252,227,64,32,0,25,234,217,221,7,159,160,9,50,29,232,221,204,90,223,157,34,3,44,231,233,242,240,28,160,22,32,5,239,221,243,80,100,122,48,15,7,221,215,214,144,245,10,48,49,8,229,233,215,21,196,241,46,47,38,232,230,205,35,199,18,50,25,6,205,223,245,0,65,94,6,27,21,242,231,242,141,73,107,47,43,7,244,217,245,178,23,188,25,27,5,219,212,241,53,56,14,18,37,38,229,216,241,253,55,254,49,2,48,217,205,227,52,71,214,38,22,29,221,224,217,2,119,241,7,4,16,223,211,225,159,207,5,25,24,16,234,240,215,30,73,162,37,48,47,230,245,240,234,20,234,17,22,24,209,254,211,152,56,99,47,30,20,228,255,237,188,81,60,47,10,11,242,250,252,44,179,231,32,20,21,243,215,221,177,243,235,37,17,39,221,205,208,239,249,5,29,12,47,243,243,238,214,170,120,32,3,46,212,227,213,31,29,39,34,9,34,228,246,226,227,46,15,3,13,23,216,241,251,207,120,112,44,0,0,240,235,221,128,245,249,10,19,7,211,243,237,163,14,26,38,20,47,220,245,219,30,50,28,45,9,44,242,210,213,236,164,164,17,28,33,208,244,213,37,192,170,8,30,25,228,246,233,224,162,189,50,26,15,213,228,243,129,250,49,30,19,24,236,242,245,207,243,18,13,22,18,215,247,248,224,138,153,36,10,8,211,253,254,121,126,113,14,33,3,236,213,237,
Smooth: 1
