Re: -1.47976403600639767116970594761963
Im: 0.00057295527723100450303719444443
Zoom: 1.07374182E9
Iterations: 3001
IterDiv: 1
Colors: 155,106,74,49,152,3,16,108,122,222,60,242,19,213,83,252,68,147,94,68,113,65,249,198,50,99,167,200,75,252,104,24,223,249,142,149,224,204,204,240,202,88,144,180,145,13,146,132,215,84,173,164,99,45,239,188,207,22,236,216,128,48,87,178,220,157,211,52,182,44,6,57,13,56,239,148,247,205,122,83,216,13,82,69,215,210,247,185,147,149,16,137,17,143,2,87,250,29,193,23,3,105,231,205,172,71,3,152,45,93,51,240,173,135,245,44,182,122,58,71,230,167,188,227,231,98,146,142,161,67,1,69,173,204,150,54,13,77,113,202,27,5,228,227,192,138,61,99,230,107,223,237,48,19,152,239,232,240,46,224,57,213,59,198,158,157,59,252,154,18,228,50,170,13,182,181,120,222,210,241,81,237,15,52,217,162,75,180,253,131,255,212,42,156,22,163,188,36,0,165,186,93,2,215,192,188,208,237,60,74,93,222,221,74,242,162,73,28,126,58,15,97,45,242,220,96,59,227,241,169,11,187,212,247,115,193,70,91,90,19,118,151,134,50,116,200,175,193,232,73,216,138,4,211,223,194,183,233,82,142,36,115,132,198,82,169,224,248,37,50,126,176,141,141,244,246,253,177,111,25,31,240,2,171,198,33,61,205,36,254,2,173,61,203,148,76,155,57,241,133,67,137,98,75,233,244,80,50,96,75,89,48,84,219,163,165,59,147,112,154,137,105,243,70,35,249,99,215,23,111,77,111,138,168,46,108,242,148,65,236,133,223,150,144,240,208,100,129,77,113,160,177,79,240,206,100,192,69,24,238,46,21,157,190,225,214,11,155,16,53,112,46,84,180,77,193,92,152,237,70,227,2,244,155,
Smooth: 1
