Re: -0.747465016095102401568381550699941446533299999999
Im: 0.146096586758774409087189292577733610025899999999
Zoom: 1.15292150459E18
Iterations: 3001
IterDiv: 2.000000
SmoothMethod: 0
ColorMethod: 0
ColorOffset: 0
Colors: 68,76,103,210,249,192,77,59,107,78,112,133,233,230,196,120,125,103,7,8,113,177,227,179,181,166,149,74,80,18,151,169,167,137,143,184,87,16,116,90,145,90,250,156,169,37,160,79,132,142,84,209,134,206,135,148,180,18,34,37,151,109,202,173,224,164,86,14,57,91,139,144,175,234,219,85,90,60,71,121,149,221,214,208,161,135,158,106,16,97,130,229,198,193,197,122,123,122,114,146,210,132,167,211,196,128,48,108,178,67,90,153,207,206,137,34,111,134,107,99,166,148,175,146,187,173,71,70,90,162,128,211,202,99,123,64,66,51,182,96,97,233,221,193,33,84,38,156,150,135,230,235,225,122,94,120,107,67,80,232,137,237,197,131,137,64,81,51,88,107,185,233,206,233,75,60,55,94,54,131,156,218,127,44,75,123,56,139,105,135,213,140,122,103,94,32,53,35,173,126,127,114,127,119,16,100,39,125,129,192,202,139,143,33,25,23,55,107,89,228,142,150,146,151,118,67,77,79,141,202,205,138,87,112,77,3,109,185,204,118,153,145,153,101,38,59,155,101,73,244,129,174,123,43,102,109,95,56,249,181,176,81,173,178,93,56,18,189,169,138,103,153,110,35,54,68,200,200,188,199,167,220,75,122,18,82,151,75,177,206,248,59,110,60,125,40,25,180,124,146,147,168,157,108,106,102,107,178,207,134,131,180,123,14,4,100,126,81,175,164,146,90,113,123,43,28,85,249,161,178,149,170,132,78,52,133,165,205,200,131,158,161,62,106,100,160,191,201,208,127,243,71,126,113,106,106,132,147,177,238,79,51,88,119,30,37,123,191,123,82,139,154,53,50,70,102,223,148,154,223,128,64,58,51,
Smooth: 1
