Re: -1.985548413352953418245678803517026040561987431985854276276406746845711127729627395214360113333480219101280958482
Im: 0.0000000000002743067126729694556175287646032154237263455024187599021148859208824927770490544859414368041154125023
Zoom: 5.60000000000E72
Iterations: 19486
IterDiv: 1
Colors: 255,255,255,127,51,52,197,128,117,211,244,19,158,245,249,1,31,211,126,91,147,44,143,17,0,131,251,191,89,135,253,202,71,211,27,172,40,215,79,140,89,22,101,18,176,147,164,121,77,133,176,230,147,82,175,248,113,187,171,160,230,84,55,51,196,56,86,189,180,250,152,153,122,223,134,62,122,74,64,92,123,119,101,40,172,108,51,243,228,45,240,2,46,48,136,154,133,16,119,90,220,133,233,206,98,148,32,64,3,3,23,209,50,16,101,201,230,99,99,44,226,64,145,142,58,1,54,39,19,196,71,42,170,97,138,83,152,159,251,191,84,167,111,1,249,184,119,114,73,29,135,200,242,92,88,235,17,177,138,4,245,186,142,214,37,116,195,81,164,102,223,100,115,28,145,20,88,215,101,203,222,131,231,242,157,233,11,193,187,38,204,86,179,92,20,5,85,167,220,240,15,83,148,215,106,76,197,49,215,213,245,123,172,125,203,208,106,79,115,186,65,74,68,72,214,17,160,96,67,227,28,87,95,204,225,191,65,29,83,128,255,27,240,43,187,244,122,138,225,247,88,124,170,3,58,255,229,64,252,143,246,14,205,175,31,59,144,197,254,121,130,42,87,15,29,130,20,206,61,73,138,71,130,175,254,59,245,166,104,83,238,57,118,17,53,31,212,7,103,144,171,71,155,87,104,26,70,41,190,245,92,53,238,168,184,252,70,217,190,99,231,177,63,6,204,213,156,208,8,152,47,201,79,111,230,46,184,165,49,199,193,79,31,117,148,131,196,11,137,197,221,94,235,194,183,160,255,65,76,233,66,86,175,23,243,216,171,216,209,22,167,5,38,198,205,50,4,62,108,131,207,231,154,193,
