Re: 0.2753376477467379935886671248246278815667140698954262859162743630674375101302303013096719753566536398605828842046373538499736266358444616965777333961771736595028695976226548580478304734152243507941490548374689
Im: 0.006759649405327850670181700456194929502189750234614304846357269137106731032582471677573582008294494705826194131450773107049670717146785957633119244225710271178867840504202402362491296279646180634391571959562
Zoom: 2.90432989933E184
Iterations: 100000
IterDiv: 1
SmoothMethod: 0
Colors: 212,138,25,216,171,81,194,148,21,138,114,14,177,159,18,189,186,75,159,169,15,112,130,9,142,180,12,163,202,71,124,190,9,86,146,5,107,201,6,137,218,66,89,211,3,60,162,0,72,222,0,117,231,75,71,226,31,52,171,35,70,230,63,115,237,123,69,234,95,51,177,83,68,238,127,114,243,170,67,242,158,49,183,130,66,246,190,112,249,218,65,250,222,48,189,178,65,255,254,109,245,252,58,229,249,40,162,184,51,204,244,99,207,244,44,178,239,30,123,177,38,153,235,89,168,237,31,127,230,20,85,171,24,102,226,78,130,231,17,76,221,10,47,164,11,51,217,81,108,228,36,70,221,36,60,167,61,90,226,118,138,234,86,110,230,74,90,174,112,130,235,156,168,241,137,150,239,111,120,180,162,170,244,194,198,248,187,190,248,150,150,187,213,210,253,213,211,245,188,184,231,132,128,165,164,159,210,177,173,213,139,133,188,95,90,132,115,108,167,140,135,180,90,82,145,58,51,100,66,57,124,104,96,148,42,31,103,22,13,69,18,6,82,82,77,132,33,30,103,30,31,84,49,55,124,106,114,164,65,80,145,54,69,117,81,105,167,130,151,196,97,129,188,78,105,149,113,154,210,154,188,228,129,179,231,102,143,181,145,204,253,176,216,252,156,203,250,121,152,186,168,203,248,194,216,248,180,203,245,139,152,183,192,203,243,211,216,244,203,203,240,156,152,179,215,203,238,229,216,241,227,203,236,174,152,176,239,203,234,234,213,239,215,195,235,152,143,177,191,187,237,198,201,241,167,179,238,116,131,179,144,172,240,162,189,243,120,164,241,81,120,181,97,157,243,127,178,246,73,149,245,45,108,184,50,142,247,103,165,247,56,131,243,44,94,180,62,121,239,112,150,241,68,110,235,53,78,174,75,100,231,122,134,235,81,89,227,63,63,168,87,79,223,131,118,229,93,68,219,72,47,162,100,58,216,133,104,215,87,50,189,60,34,131,75,43,162,114,93,174,62,36,135,42,24,90,50,29,108,96,82,134,37,21,81,23,12,50,25,14,54,77,71,93,12,7,27,4,2,9,0,0,0,73,69,64,26,17,3,29,18,3,53,34,6,113,95,69,79,51,9,69,45,7,106,69,12,153,121,73,132,86,15,108,70,12,159,103,18,192,147,78,185,120,21,174,135,76,125,8,211,93,6,158,125,8,211,157,69,222,125,8,211,93,6,158,125,8,211,157,69,222,125,8,211,93,6,158,125,8,211,
Smooth: 1
