Re: 0.349124394874460222684516490344601360457495467125247133241468496728310312239445316688175362283996280412655365459034328040548057655260945076989664223281672454840793957593086365855209965060037549678394098405708792394571568545100415443794797653040503643211071468224697805405744269783905566406
Im: 0.704491291864392797511301319174569490441323067970712407598989786829074129818299160868772763219155339918448911648337467698446756212244295484127660207567501881800010572178519692843207728679814382295807875498620815177500329020247707423324849758737182161159106089102462853235453671110050701506
Zoom: 1.02455426452E259
Iterations: 91585
IterDiv: 1
Colors: 0,0,0,45,32,134,131,44,194,0,0,255,140,181,29,108,94,153,180,103,108,133,229,255,0,0,0,45,32,134,131,44,194,255,0,0,140,181,29,108,94,153,180,103,108,133,229,255,0,0,0,45,32,134,131,44,194,0,255,255,140,181,29,108,94,153,180,103,108,133,229,255,0,0,0,45,32,134,131,44,194,0,0,128,140,181,29,108,94,153,180,103,108,133,229,255,0,0,0,45,32,134,131,44,194,64,255,0,140,181,29,108,94,153,180,103,108,133,229,255,0,0,0,45,32,134,131,44,194,0,255,255,140,181,29,108,94,153,180,103,108,133,229,255,0,0,0,45,32,134,131,44,194,0,64,128,140,181,29,108,94,153,180,103,108,133,229,255,0,0,0,45,32,134,131,44,194,255,255,255,140,181,29,108,94,153,180,103,108,133,229,255,
