Re: -1.999096127153187268326522346089659449614779746094
Im: 0.000000000000000000616790569236145855790328697916
Zoom: 7.20575940379E16
Iterations: 1200
IterDiv: 1
Colors: 0,0,0,41,35,190,132,225,108,0,0,0,144,73,241,241,187,233,235,179,166,219,60,135,12,62,153,36,94,13,0,0,0,71,222,179,18,77,200,67,187,139,166,31,3,90,125,9,56,37,31,0,0,0,252,150,245,69,59,19,13,137,10,28,219,174,50,32,154,80,238,64,0,0,0,18,73,50,246,158,125,73,220,173,79,20,242,68,64,102,208,107,196,0,0,0,59,161,34,246,34,145,157,225,139,31,218,176,202,153,2,185,114,157,0,0,0,126,197,153,213,233,128,178,234,201,204,83,191,103,214,191,20,214,126,0,0,0,102,131,239,87,73,97,255,105,143,97,205,209,30,157,156,22,114,114,0,0,0,132,79,74,119,2,215,232,57,44,83,203,201,18,30,51,116,158,12,0,0,0,159,212,164,89,126,53,207,50,34,244,204,207,211,144,45,255,255,255,0,0,0,29,42,229,192,247,43,120,129,135,68,14,95,80,0,212,97,141,190,0,0,0,7,59,51,130,31,24,112,146,218,100,84,206,177,133,62,105,21,248,0,0,0,150,115,14,217,22,47,103,104,212,247,74,74,208,87,104,118,250,22,0,0,0,174,36,136,121,254,82,219,37,67,229,60,244,69,211,216,40,206,11,0,0,0,89,61,151,39,138,89,118,45,208,194,201,205,104,212,73,106,121,37,0,0,0,20,177,59,106,165,17,40,193,140,214,169,11,135,151,140,47,241,21,0,0,0,193,155,225,192,126,233,168,154,167,134,194,181,84,191,154,231,217,35,0,0,0,56,40,209,217,108,161,102,94,78,225,48,156,254,217,113,159,226,165,0,0,0,180,71,101,56,42,70,137,169,130,121,122,118,120,194,99,
