Re: -0.7496741451134150923718085928797763679685526538710865275715607165652351592618263544282227
Im: 0.0661485917687525969555586784208988350159537247850484794295783425082369804689012931145832
Zoom: 1.56935144308E57
Iterations: 11599
IterDiv: 2
Colors: 240,238,190,86,44,67,234,152,244,87,25,89,241,201,236,53,36,58,168,173,183,9,51,67,153,232,255,20,89,54,188,249,156,36,50,54,188,153,254,21,4,90,158,157,230,21,35,86,185,214,245,23,79,60,162,245,177,14,46,40,168,150,206,50,26,37,235,205,171,64,73,14,196,244,161,28,94,52,162,246,246,48,91,66,236,238,187,49,93,35,165,251,185,22,53,68,182,157,252,18,7,60,157,159,169,34,36,28,214,215,189,67,40,63,223,167,239,46,51,52,171,236,166,14,52,10,159,170,157,6,42,51,157,217,247,51,57,79,248,200,212,86,64,50,226,232,190,79,71,70,234,212,252,79,40,69,228,169,188,52,26,27,178,185,169,23,41,52,171,198,239,40,40,58,212,183,179,40,44,59,169,208,242,35,28,86,203,151,233,71,43,60,
Smooth: 1
