Re: -1.999095996265911183853208624045146472387369987910604107287502713822586172961381946121602269999999999999999999999899999999
Im: 0.000000275807197981530998011789713050877084862971997519876558976777648328961277559117119779999999999999999999999899999999
Zoom: 1.55413511378E85
Iterations: 12000
IterDiv: 1
Colors: 0,0,0,45,32,134,131,44,194,0,0,0,140,181,29,108,94,153,165,117,159,2,33,31,133,229,255,47,144,74,0,0,0,0,111,30,255,255,255,75,44,110,233,226,40,118,28,165,8,151,183,0,0,0,28,53,40,70,245,254,19,247,211,213,126,44,21,172,96,144,12,163,0,0,0,217,83,201,166,129,10,204,100,57,79,253,20,152,38,217,152,6,41,0,0,0,63,195,187,125,172,112,28,91,74,45,97,93,21,150,1,40,237,159,0,0,0,133,79,111,7,5,176,240,218,203,220,44,38,45,39,57,117,25,20,0,0,0,190,22,119,197,118,193,57,122,174,92,227,73,22,227,81,49,4,99,0,0,0,13,184,210,34,137,195,114,60,141,1,33,60,173,128,63,77,117,116,0,0,0,55,49,176,28,142,199,93,8,46,247,220,157,127,27,115,21,159,99,0,0,0,18,162,202,57,234,206,107,40,228,195,29,157,37,103,65,69,46,131,0,0,0,109,3,2,110,228,132,16,212,59,33,145,136,186,20,168,175,65,204,0,0,0,61,27,13,129,123,255,206,62,135,80,188,19,104,201,52,59,126,31,0,0,0,63,236,74,52,215,119,237,191,25,75,228,189,188,209,71,241,67,15,0,0,0,27,23,244,93,214,65,173,211,214,89,87,59,164,27,209,206,40,27,0,0,0,172,68,133,90,1,204,153,89,146,172,126,89,193,206,69,186,190,182,0,0,0,19,13,26,245,148,148,171,19,253,75,238,79,122,128,142,247,51,137,0,0,0,79,92,89,31,9,74,122,68,74,185,214,112,62,180,159,37,48,233,0,0,0,90,150,8,180,86,112,79,156,168,153,183,250,14,39,14,50,237,60,0,0,0,45,149,85,220,227,43,173,201,129,102,254,14,70,150,41,155,182,71,0,0,0,23,137,86,115,196,71,10,205,137,183,188,243,171,218,249,135,79,16,0,0,0,220,112,42,203,232,67,15,68,73,251,148,232,3,27,132,105,208,11,0,0,0,13,113,217,86,114,84,56,99,14,117,57,115,233,9,80,248,55,196,0,0,0,65,211,113,71,163,36,85,87,125,189,89,31,239,72,80,177,18,142,0,0,0,142,73,226,170,204,97,96,28,236,222,147,194,127,218,193,24,29,95,0,0,0,114,216,181,31,80,29,137,251,247,188,49,182,232,193,214,232,44,165,0,0,0,125,224,150,70,113,43,125,117,112,199,31,112,34,10,135,222,30,128,0,0,0,142,216,216,239,85,76,96,237,217,134,157,175,99,189,190,63,36,108,0,0,0,165,92,228,56,168,131,28,193,180,168,18,245,29,159,213,239,159,5,0,0,0,128,147,19,158,72,19,74,17,231,149,237,239,61,6,133,169,198,127,0,0,0,192,173,173,199,218,108,138,36,43,134,82,198,143,183,225,239,213,230,0,0,0,6,164,27,111,58,179,48,176,60,164,182,80,255,175,216,101,147,180,0,0,0,207,245,13,25,46,184,109,64,31,233,6,45,109,254,9,158,237,72,0,0,0,116,170,51,75,88,224,45,198,237,89,97,145,151,116,255,43,173,195,0,0,0,192,44,242,239,187,251,128,150,23,58,10,98,182,145,171,209,178,2,0,0,0,21,191,51,44,50,131,213,192,78,232,189,4,202,218,245,109,151,147,0,0,0,109,135,93,96,244,202,67,218,64,251,183,172,130,82,157,122,220,56,0,0,0,
Smooth: 1
