Re: -1.42868344507209083235367456523152105193024416796860620231670815051134363915200733106846212093404987848408332687428092945908594911223253345172110603282157174966535898648471317682043094812021180898627757835976744859662567399285254646547188454899727478327324481656779889065145231119719999999999999999
Im: -0.16249714167279050622903119235098671074408472668686211688386758706636769058023399093938140040045751978736837152053493586322683075141206689859218984124859502172196525489346454846749412611777998816497558114213964228961216131628268228308266344518028972043035404782111712652663530081418999999999999999
Zoom: 7.28366657845E267
Iterations: 73113
IterDiv: 1
Colors: 126,120,217,70,54,95,154,98,166,211,171,198,183,76,116,99,43,48,214,96,76,242,180,155,245,116,37,122,60,37,245,125,113,250,192,203,245,135,189,108,61,71,189,112,96,208,178,152,134,90,3,67,52,32,137,119,128,196,194,222,140,149,253,81,77,126,186,161,251,232,211,252,233,173,250,110,72,106,208,116,176,225,171,197,184,60,103,99,43,45,212,114,78,240,198,160,240,168,54,101,82,26,167,162,51,192,207,152,94,156,48,42,81,37,76,170,102,161,216,192,58,184,157,29,70,74,61,97,142,159,154,194,65,10,127,52,30,54,146,113,92,221,210,165,228,217,58,94,106,47,149,207,130,182,228,210,70,198,202,54,76,85,149,107,140,222,158,182,229,16,79,109,25,43,209,87,94,227,188,178,189,158,109,86,74,68,157,139,163,198,192,222,
Smooth: 1
