Re: -1.7494333457860815224687123385385722616863868751510815662746390212020946400450280068316606896249303528007203309846041276324944504861410853562109538139766030662553
Im: 0.0000024779266411841385843846863251916327674394160043840609871407632001890703233286934323388729731811844653435109447017644117586638686634050458776619096472311492
Zoom: 1.10906787764E130
Iterations: 10000
IterDiv: 1
Colors: 0,0,0,45,32,134,131,44,194,0,0,0,140,181,29,108,94,153,165,117,159,2,33,31,133,229,255,47,144,74,0,0,0,128,255,255,137,143,156,75,44,110,233,226,40,118,28,165,128,255,255,0,0,0,28,53,40,64,0,0,192,192,192,213,126,44,0,0,255,144,12,163,0,0,0,255,255,255,166,129,10,204,100,57,255,255,255,152,38,217,152,6,41,0,0,0,192,192,192,125,172,112,28,91,74,64,0,64,128,255,255,255,255,0,0,0,0,133,79,111,0,0,0,240,218,203,220,44,38,45,39,57,117,25,20,0,0,0,190,22,119,197,118,193,
