Re: -1.410364594260745706588176186762972118793213243854338242161867741778304326
Im: -0.136711010515164632751932900773139846402453359380892643209313502999999999
Zoom: 1.39601271072E53
Iterations: 120000
IterDiv: 56.000000
SmoothMethod: 0
ColorMethod: 0
ColorOffset: 0
Colors: 212,217,239,155,54,87,129,14,2,188,165,129,217,249,251,129,123,160,28,2,11,40,93,59,116,241,222,120,193,222,65,32,59,84,32,11,193,193,160,249,241,251,182,93,129,108,2,2,129,123,87,168,249,239,109,165,199,13,14,35,22,54,27,124,217,188,173,225,244,129,65,99,115,10,1,193,154,117,247,251,249,177,135,171,71,4,16,64,81,49,121,235,213,110,203,230,37,40,70,39,24,7,148,182,148,224,245,252,184,105,142,127,1,5,159,111,75,208,247,233,152,177,209,39,20,44,17,44,20,97,208,177,138,232,248,93,76,111,78,6,0,168,141,105,250,251,246,208,148,183,113,7,23,101,70,39,150,228,204,128,213,236,34,49,81,8,17,3,101,171,135,183,248,252,160,117,154,117,1,8,165,99,64,237,243,225,199,188,218,84,27,54,41,36,14,97,198,166,124,238,250,64,87,123,36,3,1,123,129,93,225,250,241,212,160,194,136,12,31,133,59,31,188,221,194,168,221,241,59,59,93,4,12,1,71,160,123,145,250,250,123,129,166,85,3,14,144,87,54,240,238,218,231,198,225,129,36,64,79,27,8,123,188,154,137,243,252,60,99,135,6,1,3,76,117,81,182,248,236,189,171,204,131,17,39,142,49,23,216,213,183,213,228,246,105,70,105,28,7,0,69,147,111,126,251,248,93,141,177,45,6,20,100,76,44,214,232,209,235,208,233,156,44,75,115,20,5,160,177,141,174,247,252,85,111,148,2,1,7,44,105,70,140,245,230,152,182,213,103,24,49,124,40,16,219,203,171,245,235,249,152,81,117,69,4,1,93,135,99,135,251,244,87,154,188,16,10,27,53,65,35,169,225,199,
Smooth: 1
