Re: -1.6261989141829391907733598515717239091323642584441005699653094964431358759073849458892704775591507734104088453740810796466358731173806475095928585099553270548244258223675750016978724690181282311838693144192730922790849220686532038384837171138593116506386721997714478915154104682102367670975618098113309502255784738590224205136482700878038856995417243824388657795303028850189048171626631937140193744579935290016898801829245502768945356148074673054344256134488794026096812251390829742266617463837356521230522843470596725384432628313698390161344138606257094388367042737288037441135441880049364569069814417235170614634895440422786530755069578212083434474443931750000000000000000000000005e+00
Im: 2.6666037765644914251897982147685069763620488642930790288887608958043702951867835482923523682975475909864804618696375268513281264755686777884549084337701260412592204235374810458194451558576483746322548109090517833854766263824630416980767907931062571902493830492894258653706847992761383701802124084570080046811714289098473533791075504921723224790045994597652829530787847640588082225973455624927709192815247112639299327405155944255621858962682380399308592234796390323808620212178217382873083025728391389477941497250167678571833606883467021878676615117006082549821923731319550312807664147935291740878560643681571614343838091703019808081463367165206257356194849999999999999999999999999998e-03
Zoom: 3.10491E633
Iterations: 350000
IterDiv: 1.000000
SmoothMethod: 0
ColorMethod: 0
ColorOffset: 0
Rotate: 0.000000
Ratio: 360.000000
Colors: 0,0,0,41,35,190,132,225,108,214,174,82,144,73,241,241,187,233,235,179,166,219,60,135,12,62,153,36,94,13,28,6,183,71,222,179,18,77,200,67,187,139,166,31,3,90,125,9,56,37,31,93,212,203,252,150,245,69,59,19,13,137,10,28,219,174,50,32,154,80,238,64,120,54,253,18,73,50,246,158,125,73,220,173,79,20,242,68,64,102,208,107,196,48,183,50,59,161,34,246,34,145,157,225,139,31,218,176,202,153,2,185,114,157,73,44,128,126,197,153,213,233,128,178,234,201,204,83,191,103,214,191,20,214,126,45,220,142,102,131,239,87,73,97,255,105,143,97,205,209,30,157,156,22,114,114,230,29,240,132,79,74,119,2,215,232,57,44,83,203,201,18,30,51,116,158,12,244,213,212,159,212,164,89,126,53,207,50,34,244,204,207,211,144,45,72,211,143,117,230,217,29,42,229,192,247,43,120,129,135,68,14,95,80,0,212,97,141,190,123,5,21,7,59,51,130,31,24,112,146,218,100,84,206,177,133,62,105,21,248,70,106,4,150,115,14,217,22,47,103,104,212,247,74,74,208,87,104,118,250,22,187,17,173,174,36,136,121,254,82,219,37,67,229,60,244,69,211,216,40,206,11,245,197,96,89,61,151,39,138,89,118,45,208,194,201,205,104,212,73,106,121,37,8,97,64,20,177,59,106,165,17,40,193,140,214,169,11,135,151,140,47,241,21,29,154,149,193,155,225,192,126,233,168,154,167,134,194,181,84,191,154,231,217,35,209,85,144,56,40,209,217,108,161,102,94,78,225,48,156,254,217,113,159,226,165,226,12,155,180,71,101,56,42,70,137,169,130,121,122,118,120,194,99,
Smooth: 1
MultiColor: 0
BlendMC: 0
MultiColors: 
Power: 2
FractalType: 0
Slopes: 0
SlopePower: 50
SlopeRatio: 50
SlopeAngle: 45
imag: 1
real: 1
SeedR: 0
SeedI: 0
FactorAR: 1
FactorAI: 0
