Re: 0.31778495571118019142984240947859068504342486902255879213047531982193742787594961098523613496858299566990290890477250964142866194348820865
Im: -0.0322550491574450021173199429833896983715483274276971837392754357795561393135062957339078416786518484898731481892835815172660837665242744
Zoom: 9.85050154909E114
Iterations: 63704
IterDiv: 4.000000
SmoothMethod: 0
ColorMethod: 0
ColorOffset: 0
Rotate: 0.000000
Ratio: 360.000000
Colors: 30,30,30,57,54,182,144,205,101,198,172,84,152,79,215,215,181,210,212,174,166,201,70,147,38,72,157,54,92,39,50,35,177,77,203,174,43,81,189,75,181,148,166,51,33,90,113,36,67,55,51,91,197,191,222,156,219,75,69,43,39,148,36,50,201,172,63,51,158,83,213,72,108,66,223,43,79,63,219,161,113,79,201,171,82,43,216,75,72,98,193,100,186,63,177,63,
Smooth: 1
MultiColor: 1
BlendMC: 1
MultiColors: 43	0	2,17	0	2,7	0	1,43	0	2,
Power: 2
FractalType: 0
Slopes: 1
SlopePower: 100
SlopeRatio: 25
SlopeAngle: 45
imag: 1
real: 1
SeedR: 0
SeedI: 0
FactorAR: 1
FactorAI: 0
