Re: -0.74316620921195819500633216200285647149445718669910282571406272239328341256328125
Im: -0.13094121833303712771442702254390968083533438320642273707622533011822341244879032
Zoom: 1.56927543384E57
Iterations: 36494
IterDiv: 0.005100
SmoothMethod: 0
ColorMethod: 3
ColorOffset: 4
Rotate: 0.000000
Ratio: 360.000000
Colors: 8,136,171,14,114,202,168,9,233,112,211,111,62,27,26,8,109,227,2,211,197,237,234,64,73,64,148,159,87,212,225,217,135,236,220,94,214,166,250,94,4,209,161,60,58,254,230,64,
Smooth: 1
MultiColor: 1
BlendMC: 1
MultiColors: 2	0	2,11	0	2,11	0	2,11	0	2,11	0	2,
Power: 2
FractalType: 0
Slopes: 0
SlopePower: 50
SlopeRatio: 50
SlopeAngle: 45
imag: 1
real: 1
SeedR: 0
SeedI: 0
FactorAR: 1
FactorAI: 0
