Re: 0.250325483051509625646796847360514946965489873639339409574092208650896606
Im: -0.000008405880650167608984116977448660633282082105422526797162657789836384
Zoom: 5.70899077082E45
Iterations: 21824
IterDiv: 1.000000
SmoothMethod: 0
ColorMethod: 0
ColorOffset: 0
Rotate: 0.000000
Ratio: 360.000000
Colors: 0,0,0,255,0,0,255,255,128,0,0,0,255,255,255,0,0,0,255,0,0,255,255,128,0,0,0,255,255,255,0,0,0,255,0,0,255,255,128,0,0,0,255,255,255,0,0,0,255,0,0,255,255,128,0,0,0,255,255,255,0,0,0,255,0,0,255,255,128,0,0,0,255,255,255,0,0,0,255,0,0,255,255,128,0,0,0,255,255,255,0,0,0,255,0,0,
Smooth: 1
MultiColor: 0
BlendMC: 0
MultiColors: 
Power: 2
FractalType: 0
Slopes: 0
SlopePower: 100
SlopeRatio: 50
SlopeAngle: 45
imag: 1
real: 1
SeedR: 0
SeedI: 0
FactorAR: 1
FactorAI: 0
