Re: -1.76861049301467707450317565327022652023967790758866549483767725757530464097880847527463570736246404425301437028994853855250887746473641587305295842286193277467016599420164341993480750029005617990639290988037423060166167196543666387450600635568416669305918968754432648252633745332636016363977281899375302174063293784011538095776642509294072043991192081239788044324127461621252638087155584653250215643989202635283161958776833676818634586756525188910362226786622305536687275738532248555360630298401169574973020072774024294966179090698144943892394881779592710198089491708159161056240655424467520609979952218644642788431477362699334792981027779088820201903584597388063783233529436822295793135473587896993853430307403223761839718732843671539175803968066787146178815179341228689456587323761046757217410562965343800543339187395863950812488386042696880153727075699856043433557437985365922118242231976341202253054542166476560350039820944453690843213686864890718893923896885384165974668671761754182841717319944833677344764556110287323038863225431733456617037931471858961091007907943617513414894564951007765383788442791e+00
Im: 1.2666135038687177020664111922426015761939405604714098171850101717625247925889036166915013460285024525304175992693841168162370025864602612724621706153827902621107562153897808596829647792124552952426504887990247010233539845764348594963453934428675447843495097999669968273745257295838226275648322078602350004918560392789752032535401191956611825321064401940503525108252074281976751684794602521542087622040740410305027127727707724395672490089978861318090823199521122936680963639597003710355966859054292482211530898432018909856519761519899284969690240278108745744348572101749142273911252179327251882147964573279817710265446131940337369605423548619108797044895649999374734561910499379844619715081322043199615019585839677802823326827056567459328523545919552511963353743968831932219882018656295495752593950902384635225578336597587391380436961671122577846496007438079444573885126394754174661131119282740120560494343493586189533614381277589189995781209530453655963589974800910725489294269510831795997221321792811257080397052668793593033201655154583473430556712206730278176112208922135703740412265123460108551235486456e-03
Zoom: 2.5E1086
Iterations: 600000
IterDiv: 1.000000
SmoothMethod: 0
ColorMethod: 0
ColorOffset: 0
Rotate: 0.000000
Ratio: 360.000000
Colors: 0,0,0,41,35,190,132,225,108,214,174,82,144,73,241,241,187,233,235,179,166,219,60,135,12,62,153,36,94,13,28,6,183,71,222,179,18,77,200,67,187,139,166,31,3,90,125,9,56,37,31,93,212,203,252,150,245,69,59,19,13,137,10,28,219,174,50,32,154,80,238,64,120,54,253,18,73,50,246,158,125,73,220,173,79,20,242,68,64,102,208,107,196,48,183,50,59,161,34,246,34,145,157,225,139,31,218,176,202,153,2,185,114,157,73,44,128,126,197,153,213,233,128,178,234,201,204,83,191,103,214,191,20,214,126,45,220,142,102,131,239,87,73,97,255,105,143,97,205,209,30,157,156,22,114,114,230,29,240,132,79,74,119,2,215,232,57,44,83,203,201,18,30,51,116,158,12,244,213,212,159,212,164,89,126,53,207,50,34,244,204,207,211,144,45,72,211,143,117,230,217,29,42,229,192,247,43,120,129,135,68,14,95,80,0,212,97,141,190,123,5,21,7,59,51,130,31,24,112,146,218,100,84,206,177,133,62,105,21,248,70,106,4,150,115,14,217,22,47,103,104,212,247,74,74,208,87,104,118,250,22,187,17,173,174,36,136,121,254,82,219,37,67,229,60,244,69,211,216,40,206,11,245,197,96,89,61,151,39,138,89,118,45,208,194,201,205,104,212,73,106,121,37,8,97,64,20,177,59,106,165,17,40,193,140,214,169,11,135,151,140,47,241,21,29,154,149,193,155,225,192,126,233,168,154,167,134,194,181,84,191,154,231,217,35,209,85,144,56,40,209,217,108,161,102,94,78,225,48,156,254,217,113,159,226,165,226,12,155,180,71,101,56,42,70,137,169,130,121,122,118,120,194,99,
Smooth: 1
MultiColor: 0
BlendMC: 0
MultiColors: 
Power: 2
FractalType: 0
Slopes: 0
SlopePower: 50
SlopeRatio: 50
SlopeAngle: 45
imag: 1
real: 1
SeedR: 0
SeedI: 0
FactorAR: 1
FactorAI: 0
