Re: -1.9963787836943565887068646827530507391797398714669512171274645528015055511085998901789751892492662699842667534092472567110111673601860507629470208607556389611164148398600173438132295507350697668609073721510038778258864086369106161573481552023805026071513356784988814959388892927794644623881703125
Im: -0.00011281996129320806169948882704634729020762888745644141423351763227519140694517752954605992517645240820849978007219657998359614072707822345271542926733644263596590944730232864965510857743056497515486790643504853129576170687314655931061922832797121411454458582475495484317488725584153832000731214
Zoom: 8.45271249817E270
Iterations: 88762
IterDiv: 0.010000
SmoothMethod: 0
ColorMethod: 1
ColorOffset: 0
Rotate: 0.000000
Ratio: 360.000000
Colors: 237,76,168,91,92,191,81,153,57,156,159,67,190,199,51,136,42,16,238,213,10,100,88,165,183,68,62,153,32,119,160,203,201,252,202,96,20,67,192,92,192,157,223,186,175,240,194,189,
Smooth: 1
MultiColor: 1
BlendMC: 1
MultiColors: 37	0	2,13	0	2,
Power: 2
FractalType: 0
Slopes: 1
SlopePower: 50
SlopeRatio: 50
SlopeAngle: 45
imag: 1
real: 1
SeedR: 0
SeedI: 0
FactorAR: 1
FactorAI: 0
