Re: -1.749963604835680997042387850928679077412368339101923276069554507776366618647010007555583780024773432833482068386120985083745261880880956458884456376885985
Im: -0.000002584686919932142731422569511000124616388362736876177302251426317891509390302064761582743585494401393803423009129337696008717447149267412684656898115
Zoom: 6.76921312041E125
Iterations: 66220
IterDiv: 20.000000
SmoothMethod: 0
ColorMethod: 0
ColorOffset: 0
Rotate: 0.000000
Ratio: 360.000000
Colors: 145,84,22,97,191,21,52,38,84,238,32,53,234,33,235,236,185,20,46,19,187,235,75,14,15,92,245,87,156,191,243,44,246,101,32,133,133,43,183,73,228,79,205,193,135,130,31,77,
Smooth: 1
MultiColor: 1
BlendMC: 1
MultiColors: 3	0	2,
Power: 2
FractalType: 0
Slopes: 0
SlopePower: 50
SlopeRatio: 50
SlopeAngle: 45
imag: 1
real: 1
SeedR: 0
SeedI: 0
FactorAR: 1
FactorAI: 0
