Re: -1.9410052524044275429726038661599118653877296688827805142674434440807941672037308040713500754911547304128339038780148404785
Im: -0.000654965721363034264271041807836080647742870662993268856328383267901915080196581053835608311797841805407169492266273448
Zoom: 1.06799351796E96
Iterations: 18570
IterDiv: 1.000000
SmoothMethod: 0
ColorMethod: 0
ColorOffset: 0
Rotate: 0.000000
Ratio: 360.000000
Colors: 0,0,0,41,35,190,132,225,108,214,174,82,144,73,241,241,187,233,235,179,166,219,60,135,12,62,153,36,94,13,28,6,183,71,222,179,18,77,200,67,187,139,166,31,3,90,125,9,
Smooth: 1
MultiColor: 1
BlendMC: 1
MultiColors: 11	0	2,
Power: 2
FractalType: 0
Slopes: 0
SlopePower: 50
SlopeRatio: 50
SlopeAngle: 45
imag: 1
real: 1
SeedR: 0
SeedI: 0
FactorAR: 1
FactorAI: 0
