Re: -1.941005252404427542972603866159911865387729668882780514267443444080794167203730804071350075491154561755850107207798339596601898368848312831955769683041918771645823570515
Im: -0.0006549657213630342642710418078360806477428706629932688563283832679019150801965810538356083117979833591986744281072092682758852877593068002853734389695176199707775458655
Zoom: 1.00000000000E146
Iterations: 27855
IterDiv: 1.000000
SmoothMethod: 0
ColorMethod: 0
ColorOffset: 0
Rotate: 0.000000
Ratio: 360.000000
Colors: 0,0,0,41,35,190,132,225,108,214,174,82,144,73,241,241,187,233,235,179,166,219,60,135,12,62,153,36,94,13,28,6,183,71,222,179,18,77,200,67,187,139,166,31,3,90,125,9,
Smooth: 1
MultiColor: 1
BlendMC: 1
MultiColors: 11	0	2,
Power: 2
FractalType: 0
Slopes: 0
SlopePower: 50
SlopeRatio: 50
SlopeAngle: 45
imag: 1
real: 1
SeedR: 0
SeedI: 0
FactorAR: 1
FactorAI: 0
