Re: -1.759300288220217423021622022629487477031139981549490834061207685188547363
Im: -0.0122905319757208259372742440996215059204224533572167770091343286016177675
Zoom: 1.46150163733E48
Iterations: 44428
IterDiv: 20.000000
SmoothMethod: 0
ColorMethod: 0
ColorOffset: 0
Rotate: 0.000000
Ratio: 360.000000
Colors: 145,84,22,97,191,21,52,38,84,238,32,53,234,33,235,236,185,20,46,19,187,235,75,14,15,92,245,87,156,191,243,44,246,101,32,133,133,43,183,73,228,79,205,193,135,130,31,77,
Smooth: 1
MultiColor: 1
BlendMC: 1
MultiColors: 3	0	2,
Power: 2
FractalType: 0
Slopes: 0
SlopePower: 50
SlopeRatio: 50
SlopeAngle: 45
imag: 1
real: 1
SeedR: 0
SeedI: 0
FactorAR: 1
FactorAI: 0
