Re: -1.94100525240442754297260386615991186538772966888278051426744344408079416720373080407135007549115456175585010720779833959660189836884831283195576968305619169316757278052807410863644200536312588872272152612440319830273505503470140850880734162420924569
Im: -0.00065496572136303426427104180783608064774287066299326885632838326790191508019658105383560831179798335919867442810720926827588528775930680028537343917767277481209094881428456909726644978772629679806872387111364987067218913232244161640367352313087627
Zoom: 2.00000000000E222
Iterations: 52890
IterDiv: 1.000000
SmoothMethod: 0
ColorMethod: 0
ColorOffset: 0
Rotate: 0.000000
Ratio: 360.000000
Colors: 0,0,0,41,35,190,132,225,108,214,174,82,144,73,241,241,187,233,235,179,166,219,60,135,12,62,153,36,94,13,28,6,183,71,222,179,18,77,200,67,187,139,166,31,3,90,125,9,
Smooth: 1
MultiColor: 1
BlendMC: 1
MultiColors: 11	0	2,
Power: 2
FractalType: 0
Slopes: 0
SlopePower: 50
SlopeRatio: 50
SlopeAngle: 45
imag: 1
real: 1
SeedR: 0
SeedI: 0
FactorAR: 1
FactorAI: 0
