Re: -1.94027658588345321091739528561871158285329803755715228746270703125
Im: -0.00015063432290237573328275931307447270339596507504722367456943365
Zoom: 1.36112946768E39
Iterations: 9450
IterDiv: 0.050000
SmoothMethod: 0
ColorMethod: 1
ColorOffset: 0
Rotate: 0.000000
Ratio: 360.000000
Colors: 92,49,229,95,161,123,252,123,105,16,178,55,216,23,230,9,96,199,62,9,135,30,16,71,235,214,131,98,131,149,241,86,39,100,144,150,83,98,82,91,40,185,9,59,179,210,207,253,
Smooth: 1
MultiColor: 1
BlendMC: 1
MultiColors: 7	0	2,42	0	2,
Power: 2
FractalType: 0
Slopes: 0
SlopePower: 50
SlopeRatio: 50
SlopeAngle: 45
imag: 1
real: 1
SeedR: 0
SeedI: 0
FactorAR: 1
FactorAI: 0
