Re: -1.765255999389876234461152788785797644984633297655685666807481695846225912749655788093382329902715252392041460635885215850563792707279422539272781989295044035426373000613583591812021412405839940885783437366123652481019380496979520083898930887713503041323571033603267228732673881697627769631428767123079395338351895929545805513311149873254735634309800137254227353398493256006860933209587567509764016267722040584438664806755046349843252626021333596704283019326356534015635940495176966999611978220530750450843633573332991709349235725836809717722489976855541370575297961999390728282862817643005070619283157278020063873338224185426911490249877871908715519769993172252374558860975947234420276611064476299388955501971748803106758767381698583971521419007502885315003960294562814779263086726297113472688640615919829005087413164109846911484778894071443404207869354099285048615521762074034505836870947172363003569419561423084
Im: 0.010448551737598706745099252605690625514295821842087741126875066858507024028622836332518011540214316990121188237193165533662492151873053535637312564647820075236423297779966109124237194221863354328221742652612069510430958445467568178885152483937848755343908808386977024289761709193968352919453948811678376125506326115996878653850756567342989058840713452162224873967866286764727771837281150865087243687129517443053689780343701902952426157131551709911536659251965545108966408202732131331366045475823757117158382885010926367768874015936942512124751884298663006249170055709799596487712912447394634628841851042104496855357298917956312668599435094932060198053752763342060348335338961707184554017308596827745257219064604143338288686451014411445123684128575901091265931918578117071646391893958981510330826990739118209425971517710287638838014409321765909156207492203435311198488275792102002106910744385277272767630353946649
Zoom: 1.84488169976E890
Iterations: 200000
IterDiv: 1.000000
SmoothMethod: 0
ColorMethod: 0
ColorOffset: 0
Rotate: 0.000000
Ratio: 360.000000
Colors: 0,0,0,41,35,190,132,225,108,214,174,82,144,73,241,241,187,233,235,179,166,219,60,135,12,62,153,36,94,13,28,6,183,71,222,179,18,77,200,67,187,139,166,31,3,90,125,9,56,37,31,93,212,203,252,150,245,69,59,19,13,137,10,28,219,174,50,32,154,80,238,64,120,54,253,18,73,50,246,158,125,73,220,173,79,20,242,68,64,102,208,107,196,48,183,50,59,161,34,246,34,145,157,225,139,31,218,176,202,153,2,185,114,157,73,44,128,126,197,153,213,233,128,178,234,201,204,83,191,103,214,191,20,214,126,45,220,142,102,131,239,87,73,97,255,105,143,97,205,209,30,157,156,22,114,114,230,29,240,132,79,74,119,2,215,232,57,44,83,203,201,18,30,51,116,158,12,244,213,212,159,212,164,89,126,53,207,50,34,244,204,207,211,144,45,72,211,143,117,230,217,29,42,229,192,247,43,120,129,135,68,14,95,80,0,212,97,141,190,123,5,21,7,59,51,130,31,24,112,146,218,100,84,206,177,133,62,105,21,248,70,106,4,150,115,14,217,22,47,103,104,212,247,74,74,208,87,104,118,250,22,187,17,173,174,36,136,121,254,82,219,37,67,229,60,244,69,211,216,40,206,11,245,197,96,89,61,151,39,138,89,118,45,208,194,201,205,104,212,73,106,121,37,8,97,64,20,177,59,106,165,17,40,193,140,214,169,11,135,151,140,47,241,21,29,154,149,193,155,225,192,126,233,168,154,167,134,194,181,84,191,154,231,217,35,209,85,144,56,40,209,217,108,161,102,94,78,225,48,156,254,217,113,159,226,165,226,12,155,180,71,101,56,42,70,137,169,130,121,122,118,120,194,99,
Smooth: 1
MultiColor: 0
BlendMC: 0
MultiColors: 
Power: 2
FractalType: 0
Slopes: 0
SlopePower: 50
SlopeRatio: 50
SlopeAngle: 45
imag: 1
real: 1
SeedR: 0
SeedI: 0
FactorAR: 1
FactorAI: 0
