Re: -1.941551041218733782030479385718329499538007904974211444955975346284305924902090669594396434372032211631123582849037195741947486273773261851504242561594281310814540761696989804819907622057582290533306559622551922492642954483496667635248533562549932792955522436942600133183600952781286002603451036963977359058033276879372636432900750906167262944246464004008214088906638213260696806026104404496116718012772096340489415003490077366719035139971193600532341972727607681099241478033857656379603878361954912853405672570810142988555315436209056959426851631795575712502423140969807030895884758909037017825854245867750604460234391924924911597508813396934151261806025760345708449047998851071647260525520701992665425527703997994319413453336194181103525296468925198278151663943764070626225174743997334585551831112985188228863933201079082060430553781990682212628713694755437454106149820309775074950130336513027628233157889266051580777575512265981461098531299995047623473135606775749805170867913944840773380822224782330848694521396033379960276779555313932845
Im: 0.00010848426685245204036040459628148854852703089548215115362725411823258472174064706381044917252084370509989288259451002529932443638959467328725426159066641308769430635139502112407903915994200503307970571789192186807962503771282788281070565356228313240385026718910982147526844192693180109265088302638763211096908903414884550511183074025709044463206870869747324106233601798870583612187967174735547105120505723014387200685135273867767463037135758581217094377031853929296305628090177102071818081663309485655763789805867967610532868483043511372146359072457810794598661594957777039653946148753900201995506233779307426745821704757694067658175317291748808873267598057775423899623416160526982793191383490494731721041094562155095479401830358227831787587649955989534055012214091356528314531765545759410407790013392073991682863250207585889466925862730141178218422784709933875772719466224484478910746007113440681050185639854965784128954541372975254466672582908109676720089053375065128080666067082024056403730177706658921408951728545108353198049916324168
Zoom: 4.00000000000E1016
Iterations: 212138
IterDiv: 1.000000
SmoothMethod: 0
ColorMethod: 0
ColorOffset: 0
Rotate: 0.000000
Ratio: 360.000000
Colors: 0,0,0,41,35,190,132,225,108,214,174,82,144,73,241,241,187,233,235,179,166,219,60,135,12,62,153,36,94,13,28,6,183,71,222,179,18,77,200,67,187,139,166,31,3,90,125,9,56,37,31,93,212,203,252,150,245,69,59,19,13,137,10,28,219,174,50,32,154,80,238,64,120,54,253,18,73,50,246,158,125,73,220,173,79,20,242,68,64,102,208,107,196,48,183,50,59,161,34,246,34,145,157,225,139,31,218,176,202,153,2,185,114,157,73,44,128,126,197,153,213,233,128,178,234,201,204,83,191,103,214,191,20,214,126,45,220,142,102,131,239,87,73,97,255,105,143,97,205,209,30,157,156,22,114,114,230,29,240,132,79,74,119,2,215,232,57,44,83,203,201,18,30,51,116,158,12,244,213,212,159,212,164,89,126,53,207,50,34,244,204,207,211,144,45,72,211,143,117,230,217,29,42,229,192,247,43,120,129,135,68,14,95,80,0,212,97,141,190,123,5,21,7,59,51,130,31,24,112,146,218,100,84,206,177,133,62,105,21,248,70,106,4,150,115,14,217,22,47,103,104,212,247,74,74,208,87,104,118,250,22,187,17,173,174,36,136,121,254,82,219,37,67,229,60,244,69,211,216,40,206,11,245,197,96,89,61,151,39,138,89,118,45,208,194,201,205,104,212,73,106,121,37,8,97,64,20,177,59,106,165,17,40,193,140,214,169,11,135,151,140,47,241,21,29,154,149,193,155,225,192,126,233,168,154,167,134,194,181,84,191,154,231,217,35,209,85,144,56,40,209,217,108,161,102,94,78,225,48,156,254,217,113,159,226,165,226,12,155,180,71,101,56,42,70,137,169,130,121,122,118,120,194,99,
Smooth: 1
MultiColor: 0
BlendMC: 0
MultiColors: 
Power: 2
FractalType: 0
Slopes: 0
SlopePower: 50
SlopeRatio: 50
SlopeAngle: 45
imag: 1
real: 1
SeedR: 0
SeedI: 0
FactorAR: 1
FactorAI: 0
